7.096774193548388565e-02
1.074380165289256367e-01
1.346153846153845535e-01
1.974522292993630412e-01
8.695652173913043237e-02
1.199999999999999678e-01
9.652509652509654037e-02
4.761904761904761640e-02
1.724137931034482596e-01
8.695652173913043237e-02
8.695652173913043237e-02
3.883495145631066930e-02
5.813953488372091555e-02
2.285714285714283978e-01
1.074380165289256367e-01
2.807775377969762981e-02
5.263157894736841813e-02
1.199999999999999678e-01
2.500000000000000139e-02
1.346153846153845535e-01
2.807775377969762981e-02
1.199999999999999678e-01
3.207547169811321153e-01
6.727272727272722852e-01
3.883495145631066930e-02
2.807775377969762981e-02
1.974522292993630412e-01
5.263157894736841813e-02
9.652509652509654037e-02
8.695652173913043237e-02
6.422018348623853568e-02
7.096774193548388565e-02
1.518324607329842868e-01
8.695652173913043237e-02
8.695652173913043237e-02
3.207547169811321153e-01
7.096774193548388565e-02
9.652509652509654037e-02
1.074380165289256367e-01
1.724137931034482596e-01
3.139013452914797553e-02
6.422018348623853568e-02
5.813953488372091555e-02
7.096774193548388565e-02
5.813953488372091555e-02
5.813953488372091555e-02
9.652509652509654037e-02
7.849829351535834998e-02
7.849829351535834998e-02
5.813953488372091555e-02
9.652509652509654037e-02
2.807775377969762981e-02
2.682926829268292845e-01
5.263157894736841813e-02
5.813953488372091555e-02
3.883495145631066930e-02
3.496503496503496761e-02
6.727272727272722852e-01
4.761904761904761640e-02
2.285714285714283978e-01
1.199999999999999678e-01
3.207547169811321153e-01
1.518324607329842868e-01
1.074380165289256367e-01
1.974522292993630412e-01
8.695652173913043237e-02
9.652509652509654037e-02
1.199999999999999678e-01
1.974522292993630412e-01
1.945525291828793801e-02
7.849829351535834998e-02
1.974522292993630412e-01
6.422018348623853568e-02
7.849829351535834998e-02
7.849829351535834998e-02
1.518324607329842868e-01
1.974522292993630412e-01
9.652509652509654037e-02
7.096774193548388565e-02
8.695652173913043237e-02
9.652509652509654037e-02
6.422018348623853568e-02
1.074380165289256367e-01
7.849829351535834998e-02
3.139013452914797553e-02
2.807775377969762981e-02
7.849829351535834998e-02
2.500000000000000139e-02
5.813953488372091555e-02
7.849829351535834998e-02
3.207547169811321153e-01
3.207547169811321153e-01
1.945525291828793801e-02
7.849829351535834998e-02
8.695652173913043237e-02
3.496503496503496761e-02
1.518324607329842868e-01
1.346153846153845535e-01
1.199999999999999678e-01
7.849829351535834998e-02
5.263157894736841813e-02
3.932584269662918741e-01
2.682926829268292845e-01
5.813953488372091555e-02
1.199999999999999678e-01
3.207547169811321153e-01
5.263157894736841813e-02
1.074380165289256367e-01
8.695652173913043237e-02
4.303797468354430417e-02
8.695652173913043237e-02
1.974522292993630412e-01
7.849829351535834998e-02
1.199999999999999678e-01
1.724137931034482596e-01
6.422018348623853568e-02
5.263157894736841813e-02
8.695652173913043237e-02
7.849829351535834998e-02
7.096774193548388565e-02
1.346153846153845535e-01
2.285714285714283978e-01
7.849829351535834998e-02
7.096774193548388565e-02
1.074380165289256367e-01
5.813953488372091555e-02
4.761904761904761640e-02
4.761904761904761640e-02
7.096774193548388565e-02
4.761904761904761640e-02
1.074380165289256367e-01
5.263157894736841813e-02
2.500000000000000139e-02
9.652509652509654037e-02
1.346153846153845535e-01
1.974522292993630412e-01
1.518324607329842868e-01
1.199999999999999678e-01
6.422018348623853568e-02
1.346153846153845535e-01
9.652509652509654037e-02
3.139013452914797553e-02
8.695652173913043237e-02
3.207547169811321153e-01
2.500000000000000139e-02
1.346153846153845535e-01
7.849829351535834998e-02
6.422018348623853568e-02
5.813953488372091555e-02
5.813953488372091555e-02
1.074380165289256367e-01
5.813953488372091555e-02
5.813953488372091555e-02
2.213279678068410736e-02
2.500000000000000139e-02
9.652509652509654037e-02
4.303797468354430417e-02
2.213279678068410736e-02
7.849829351535834998e-02
2.285714285714283978e-01
7.096774193548388565e-02
6.422018348623853568e-02
7.849829351535834998e-02
4.761904761904761640e-02
5.263157894736841813e-02
1.974522292993630412e-01
1.074380165289256367e-01
2.213279678068410736e-02
1.724137931034482596e-01
7.096774193548388565e-02
3.883495145631066930e-02
8.695652173913043237e-02
5.813953488372091555e-02
1.518324607329842868e-01
7.849829351535834998e-02
8.695652173913043237e-02
6.422018348623853568e-02
9.652509652509654037e-02
2.285714285714283978e-01
1.199999999999999678e-01
1.346153846153845535e-01
7.096774193548388565e-02
1.724137931034482596e-01
6.422018348623853568e-02
1.074380165289256367e-01
6.422018348623853568e-02
1.346153846153845535e-01
4.761904761904761640e-02
2.807775377969762981e-02
2.213279678068410736e-02
3.883495145631066930e-02
1.346153846153845535e-01
3.883495145631066930e-02
1.974522292993630412e-01
9.652509652509654037e-02
7.096774193548388565e-02
2.682926829268292845e-01
7.849829351535834998e-02
5.263157894736841813e-02
6.422018348623853568e-02
2.213279678068410736e-02
1.346153846153845535e-01
7.849829351535834998e-02
2.682926829268292845e-01
8.695652173913043237e-02
6.727272727272722852e-01
7.849829351535834998e-02
1.974522292993630412e-01
2.682926829268292845e-01
3.883495145631066930e-02
6.422018348623853568e-02
3.139013452914797553e-02
7.849829351535834998e-02
6.422018348623853568e-02
7.849829351535834998e-02
2.682926829268292845e-01
1.974522292993630412e-01
5.813953488372091555e-02
1.346153846153845535e-01
1.945525291828793801e-02
2.213279678068410736e-02
1.199999999999999678e-01
4.303797468354430417e-02
7.096774193548388565e-02
1.346153846153845535e-01
2.682926829268292845e-01
2.682926829268292845e-01
4.303797468354430417e-02
1.724137931034482596e-01
9.652509652509654037e-02
8.695652173913043237e-02
2.500000000000000139e-02
8.695652173913043237e-02
6.422018348623853568e-02
5.813953488372091555e-02
7.849829351535834998e-02
1.346153846153845535e-01
3.883495145631066930e-02
7.849829351535834998e-02
1.074380165289256367e-01
2.213279678068410736e-02
9.652509652509654037e-02
5.813953488372091555e-02
2.213279678068410736e-02
8.695652173913043237e-02
2.682926829268292845e-01
2.213279678068410736e-02
1.199999999999999678e-01
1.074380165289256367e-01
1.074380165289256367e-01
3.139013452914797553e-02
2.500000000000000139e-02
6.422018348623853568e-02
2.500000000000000139e-02
1.724137931034482596e-01
6.422018348623853568e-02
1.199999999999999678e-01
6.422018348623853568e-02
1.724137931034482596e-01
8.695652173913043237e-02
9.652509652509654037e-02
2.500000000000000139e-02
2.500000000000000139e-02
9.652509652509654037e-02
1.074380165289256367e-01
8.695652173913043237e-02
4.303797468354430417e-02
5.263157894736841813e-02
7.096774193548388565e-02
6.422018348623853568e-02
1.724137931034482596e-01
7.096774193548388565e-02
2.213279678068410736e-02
8.695652173913043237e-02
3.883495145631066930e-02
2.500000000000000139e-02
6.727272727272722852e-01
4.303797468354430417e-02
1.346153846153845535e-01
4.761904761904761640e-02
1.199999999999999678e-01
1.724137931034482596e-01
7.849829351535834998e-02
3.496503496503496761e-02
5.263157894736841813e-02
5.813953488372091555e-02
7.096774193548388565e-02
1.199999999999999678e-01
8.695652173913043237e-02
7.849829351535834998e-02
2.285714285714283978e-01
2.213279678068410736e-02
1.346153846153845535e-01
1.945525291828793801e-02
2.213279678068410736e-02
1.199999999999999678e-01
8.695652173913043237e-02
7.849829351535834998e-02
3.883495145631066930e-02
2.213279678068410736e-02
8.695652173913043237e-02
7.849829351535834998e-02
7.849829351535834998e-02
2.500000000000000139e-02
2.500000000000000139e-02
7.096774193548388565e-02
3.932584269662918741e-01
5.813953488372091555e-02
7.096774193548388565e-02
3.883495145631066930e-02
1.724137931034482596e-01
5.263157894736841813e-02
9.652509652509654037e-02
3.883495145631066930e-02
2.682926829268292845e-01
6.422018348623853568e-02
4.761904761904761640e-02
1.518324607329842868e-01
2.500000000000000139e-02
7.849829351535834998e-02
9.652509652509654037e-02
9.652509652509654037e-02
5.813953488372091555e-02
2.285714285714283978e-01
3.139013452914797553e-02
1.346153846153845535e-01
1.199999999999999678e-01
1.199999999999999678e-01
2.500000000000000139e-02
8.695652173913043237e-02
7.096774193548388565e-02
7.096774193548388565e-02
8.695652173913043237e-02
4.303797468354430417e-02
6.422018348623853568e-02
7.096774193548388565e-02
7.849829351535834998e-02
9.652509652509654037e-02
1.199999999999999678e-01
3.883495145631066930e-02
9.652509652509654037e-02
1.074380165289256367e-01
3.207547169811321153e-01
7.849829351535834998e-02
3.932584269662918741e-01
5.813953488372091555e-02
2.500000000000000139e-02
7.096774193548388565e-02
2.213279678068410736e-02
1.346153846153845535e-01
3.883495145631066930e-02
1.518324607329842868e-01
9.652509652509654037e-02
3.883495145631066930e-02
1.074380165289256367e-01
8.695652173913043237e-02
1.346153846153845535e-01
1.346153846153845535e-01
1.074380165289256367e-01
1.074380165289256367e-01
1.074380165289256367e-01
8.695652173913043237e-02
5.813953488372091555e-02
7.096774193548388565e-02
5.263157894736841813e-02
1.724137931034482596e-01
1.724137931034482596e-01
1.945525291828793801e-02
9.652509652509654037e-02
1.199999999999999678e-01
7.849829351535834998e-02
7.096774193548388565e-02
7.096774193548388565e-02
1.518324607329842868e-01
1.974522292993630412e-01
3.883495145631066930e-02
4.303797468354430417e-02
7.096774193548388565e-02
1.346153846153845535e-01
3.139013452914797553e-02
1.518324607329842868e-01
4.303797468354430417e-02
2.213279678068410736e-02
7.096774193548388565e-02
7.849829351535834998e-02
4.761904761904761640e-02
1.074380165289256367e-01
2.213279678068410736e-02
4.303797468354430417e-02
6.422018348623853568e-02
2.500000000000000139e-02
3.207547169811321153e-01
1.074380165289256367e-01
1.199999999999999678e-01
2.500000000000000139e-02
9.652509652509654037e-02
8.695652173913043237e-02
7.096774193548388565e-02
7.849829351535834998e-02
7.849829351535834998e-02
6.422018348623853568e-02
8.695652173913043237e-02
6.727272727272722852e-01
1.199999999999999678e-01
5.813953488372091555e-02
9.652509652509654037e-02
2.682926829268292845e-01
8.695652173913043237e-02
9.652509652509654037e-02
1.199999999999999678e-01
3.139013452914797553e-02
5.263157894736841813e-02
8.695652173913043237e-02
2.682926829268292845e-01
1.199999999999999678e-01
8.695652173913043237e-02
5.263157894736841813e-02
3.207547169811321153e-01
4.303797468354430417e-02
2.213279678068410736e-02
1.199999999999999678e-01
9.652509652509654037e-02
1.199999999999999678e-01
1.199999999999999678e-01
5.813953488372091555e-02
5.813953488372091555e-02
1.074380165289256367e-01
1.518324607329842868e-01
1.346153846153845535e-01
1.724137931034482596e-01
8.695652173913043237e-02
1.074380165289256367e-01
7.849829351535834998e-02
8.695652173913043237e-02
1.346153846153845535e-01
3.139013452914797553e-02
2.807775377969762981e-02
3.139013452914797553e-02
1.346153846153845535e-01
3.139013452914797553e-02
5.813953488372091555e-02
3.883495145631066930e-02
1.346153846153845535e-01
1.346153846153845535e-01
6.422018348623853568e-02
8.695652173913043237e-02
3.496503496503496761e-02
1.346153846153845535e-01
6.422018348623853568e-02
1.724137931034482596e-01
4.999999999999996114e-01
1.199999999999999678e-01
3.139013452914797553e-02
9.652509652509654037e-02
8.695652173913043237e-02
4.761904761904761640e-02
1.724137931034482596e-01
1.346153846153845535e-01
7.096774193548388565e-02
2.500000000000000139e-02
3.207547169811321153e-01
1.346153846153845535e-01
1.518324607329842868e-01
6.422018348623853568e-02
7.849829351535834998e-02
2.807775377969762981e-02
5.263157894736841813e-02
7.096774193548388565e-02
1.074380165289256367e-01
2.213279678068410736e-02
7.096774193548388565e-02
4.999999999999996114e-01
3.883495145631066930e-02
3.883495145631066930e-02
1.724137931034482596e-01
8.695652173913043237e-02
7.096774193548388565e-02
7.096774193548388565e-02
7.849829351535834998e-02
1.724137931034482596e-01
4.303797468354430417e-02
1.199999999999999678e-01
7.096774193548388565e-02
8.695652173913043237e-02
2.285714285714283978e-01
5.813953488372091555e-02
1.074380165289256367e-01
1.346153846153845535e-01
2.500000000000000139e-02
7.096774193548388565e-02
9.652509652509654037e-02
1.199999999999999678e-01
8.695652173913043237e-02
1.346153846153845535e-01
8.695652173913043237e-02
5.813953488372091555e-02
6.727272727272722852e-01
7.096774193548388565e-02
5.263157894736841813e-02
9.652509652509654037e-02
2.807775377969762981e-02
7.096774193548388565e-02
4.761904761904761640e-02
1.199999999999999678e-01
4.999999999999996114e-01
1.074380165289256367e-01
7.849829351535834998e-02
9.652509652509654037e-02
8.695652173913043237e-02
7.849829351535834998e-02
1.945525291828793801e-02
9.652509652509654037e-02
3.883495145631066930e-02
1.199999999999999678e-01
2.213279678068410736e-02
1.199999999999999678e-01
9.652509652509654037e-02
2.500000000000000139e-02
8.695652173913043237e-02
5.263157894736841813e-02
1.346153846153845535e-01
8.695652173913043237e-02
3.207547169811321153e-01
1.724137931034482596e-01
1.346153846153845535e-01
7.096774193548388565e-02
7.849829351535834998e-02
1.724137931034482596e-01
2.682926829268292845e-01
6.727272727272722852e-01
5.263157894736841813e-02
1.199999999999999678e-01
7.849829351535834998e-02
6.422018348623853568e-02
1.518324607329842868e-01
9.652509652509654037e-02
2.682926829268292845e-01
2.807775377969762981e-02
2.500000000000000139e-02
1.974522292993630412e-01
8.695652173913043237e-02
1.518324607329842868e-01
1.074380165289256367e-01
5.263157894736841813e-02
7.849829351535834998e-02
2.500000000000000139e-02
4.761904761904761640e-02
1.346153846153845535e-01
1.724137931034482596e-01
7.096774193548388565e-02
1.074380165289256367e-01
1.724137931034482596e-01
5.263157894736841813e-02
1.346153846153845535e-01
2.500000000000000139e-02
5.813953488372091555e-02
2.500000000000000139e-02
5.263157894736841813e-02
1.346153846153845535e-01
2.807775377969762981e-02
1.199999999999999678e-01
6.422018348623853568e-02
7.096774193548388565e-02
7.096774193548388565e-02
6.422018348623853568e-02
1.518324607329842868e-01
1.518324607329842868e-01
1.945525291828793801e-02
2.213279678068410736e-02
6.422018348623853568e-02
8.695652173913043237e-02
7.096774193548388565e-02
