9.794988610478359836e-02
8.163265306122449716e-02
1.639344262295082053e-02
5.743243243243243562e-02
7.692307692307691347e-02
1.970260223048326820e-01
1.562500000000000000e-01
4.821150855365475413e-02
1.562500000000000000e-01
1.266846361185983427e-01
7.251908396946564472e-02
1.111111111111111188e-01
9.794988610478359836e-02
6.086956521739129988e-02
2.340425531914893387e-01
9.210526315789474561e-02
2.952503209242619137e-02
1.683168316831682720e-01
1.562500000000000000e-01
6.839186691312383604e-02
7.251908396946564472e-02
1.266846361185983427e-01
2.835820895522386254e-01
1.683168316831682720e-01
9.794988610478359836e-02
1.818181818181818787e-01
1.355932203389830504e-01
1.970260223048326820e-01
1.683168316831682720e-01
5.743243243243243562e-02
4.545454545454546275e-02
1.266846361185983427e-01
1.042654028436019037e-01
1.266846361185983427e-01
1.266846361185983427e-01
7.692307692307691347e-02
3.152173913043479492e-01
2.835820895522386254e-01
8.668076109936571905e-02
6.839186691312383604e-02
6.086956521739129988e-02
1.111111111111111188e-01
1.562500000000000000e-01
1.111111111111111188e-01
8.668076109936571905e-02
8.668076109936571905e-02
1.266846361185983427e-01
1.454005934718100579e-01
8.668076109936571905e-02
8.163265306122449716e-02
5.111821086261982006e-02
1.185567010309278579e-01
1.683168316831682720e-01
8.668076109936571905e-02
1.111111111111111188e-01
5.743243243243243562e-02
2.142857142857142738e-01
1.683168316831682720e-01
1.683168316831682720e-01
9.794988610478359836e-02
3.571428571428571924e-02
7.251908396946564472e-02
3.797468354430379861e-02
1.562500000000000000e-01
1.562500000000000000e-01
1.111111111111111188e-01
5.418719211822659032e-02
5.743243243243243562e-02
1.266846361185983427e-01
3.355704697986577889e-02
4.034582132564842188e-02
8.163265306122449716e-02
1.355932203389830504e-01
3.571428571428571924e-02
2.952503209242619137e-02
1.970260223048326820e-01
3.355704697986577889e-02
1.111111111111111188e-01
9.210526315789474561e-02
2.568807339449541427e-01
2.340425531914893387e-01
1.111111111111111188e-01
4.821150855365475413e-02
6.451612903225807660e-02
7.251908396946564472e-02
1.562500000000000000e-01
3.355704697986577889e-02
5.111821086261982006e-02
6.086956521739129988e-02
9.794988610478359836e-02
3.797468354430379861e-02
9.210526315789474561e-02
1.185567010309278579e-01
1.683168316831682720e-01
1.683168316831682720e-01
8.163265306122449716e-02
9.210526315789474561e-02
1.639344262295082053e-02
5.418719211822659032e-02
2.340425531914893387e-01
3.532934131736525374e-01
1.454005934718100579e-01
2.583025830258302291e-02
1.111111111111111188e-01
3.571428571428571924e-02
1.562500000000000000e-01
4.034582132564842188e-02
2.583025830258302291e-02
1.185567010309278579e-01
1.111111111111111188e-01
1.042654028436019037e-01
8.163265306122449716e-02
1.355932203389830504e-01
1.111111111111111188e-01
2.340425531914893387e-01
9.794988610478359836e-02
8.668076109936571905e-02
5.743243243243243562e-02
1.042654028436019037e-01
1.683168316831682720e-01
1.266846361185983427e-01
1.185567010309278579e-01
1.562500000000000000e-01
1.111111111111111188e-01
8.668076109936571905e-02
3.355704697986577889e-02
9.794988610478359836e-02
2.142857142857142738e-01
1.111111111111111188e-01
1.185567010309278579e-01
2.142857142857142738e-01
6.086956521739129988e-02
2.568807339449541427e-01
1.185567010309278579e-01
6.086956521739129988e-02
3.149606299212598381e-02
1.683168316831682720e-01
1.266846361185983427e-01
9.210526315789474561e-02
5.743243243243243562e-02
9.794988610478359836e-02
5.743243243243243562e-02
1.266846361185983427e-01
5.418719211822659032e-02
6.086956521739129988e-02
6.839186691312383604e-02
1.970260223048326820e-01
2.142857142857142738e-01
6.451612903225807660e-02
1.562500000000000000e-01
9.794988610478359836e-02
9.794988610478359836e-02
7.251908396946564472e-02
6.839186691312383604e-02
7.251908396946564472e-02
1.970260223048326820e-01
7.692307692307691347e-02
1.562500000000000000e-01
2.142857142857142738e-01
8.668076109936571905e-02
1.683168316831682720e-01
1.355932203389830504e-01
3.149606299212598381e-02
1.111111111111111188e-01
9.794988610478359836e-02
8.668076109936571905e-02
1.454005934718100579e-01
8.668076109936571905e-02
2.763819095477387452e-02
9.210526315789474561e-02
9.794988610478359836e-02
7.692307692307691347e-02
8.163265306122449716e-02
5.111821086261982006e-02
1.266846361185983427e-01
1.818181818181818787e-01
7.692307692307691347e-02
5.418719211822659032e-02
5.418719211822659032e-02
1.111111111111111188e-01
4.545454545454546275e-02
1.111111111111111188e-01
8.163265306122449716e-02
4.283604135893648995e-02
9.210526315789474561e-02
1.185567010309278579e-01
3.152173913043479492e-01
1.683168316831682720e-01
1.042654028436019037e-01
2.142857142857142738e-01
1.562500000000000000e-01
9.210526315789474561e-02
8.668076109936571905e-02
1.562500000000000000e-01
3.797468354430379861e-02
8.163265306122449716e-02
3.797468354430379861e-02
1.562500000000000000e-01
6.839186691312383604e-02
1.111111111111111188e-01
1.929625425652667717e-02
1.266846361185983427e-01
1.355932203389830504e-01
2.409638554216867942e-02
1.042654028436019037e-01
1.502145922746781111e-02
1.781737193763920091e-02
6.451612903225807660e-02
1.562500000000000000e-01
1.562500000000000000e-01
1.266846361185983427e-01
1.185567010309278579e-01
1.185567010309278579e-01
1.266846361185983427e-01
1.355932203389830504e-01
9.794988610478359836e-02
1.818181818181818787e-01
9.210526315789474561e-02
5.743243243243243562e-02
6.839186691312383604e-02
1.355932203389830504e-01
5.111821086261982006e-02
1.562500000000000000e-01
8.163265306122449716e-02
5.418719211822659032e-02
4.283604135893648995e-02
7.251908396946564472e-02
2.142857142857142738e-01
6.086956521739129988e-02
1.355932203389830504e-01
8.668076109936571905e-02
3.571428571428571924e-02
5.111821086261982006e-02
1.042654028436019037e-01
4.034582132564842188e-02
1.266846361185983427e-01
7.251908396946564472e-02
1.562500000000000000e-01
4.821150855365475413e-02
9.794988610478359836e-02
8.163265306122449716e-02
1.355932203389830504e-01
8.163265306122449716e-02
8.668076109936571905e-02
3.532934131736525374e-01
1.562500000000000000e-01
3.797468354430379861e-02
1.042654028436019037e-01
2.952503209242619137e-02
8.163265306122449716e-02
4.821150855365475413e-02
6.839186691312383604e-02
1.111111111111111188e-01
2.340425531914893387e-01
6.451612903225807660e-02
2.952503209242619137e-02
1.111111111111111188e-01
9.794988610478359836e-02
1.970260223048326820e-01
7.692307692307691347e-02
1.454005934718100579e-01
7.692307692307691347e-02
3.149606299212598381e-02
3.532934131736525374e-01
6.086956521739129988e-02
1.266846361185983427e-01
2.952503209242619137e-02
6.086956521739129988e-02
1.355932203389830504e-01
5.743243243243243562e-02
8.668076109936571905e-02
3.999999999999999112e-01
9.794988610478359836e-02
7.251908396946564472e-02
3.149606299212598381e-02
7.251908396946564472e-02
1.818181818181818787e-01
2.568807339449541427e-01
1.111111111111111188e-01
8.163265306122449716e-02
9.210526315789474561e-02
6.086956521739129988e-02
2.952503209242619137e-02
6.839186691312383604e-02
1.562500000000000000e-01
9.794988610478359836e-02
1.185567010309278579e-01
5.743243243243243562e-02
1.454005934718100579e-01
1.266846361185983427e-01
7.251908396946564472e-02
1.454005934718100579e-01
7.692307692307691347e-02
1.185567010309278579e-01
8.668076109936571905e-02
1.818181818181818787e-01
9.210526315789474561e-02
6.086956521739129988e-02
1.111111111111111188e-01
2.952503209242619137e-02
7.251908396946564472e-02
1.185567010309278579e-01
2.568807339449541427e-01
6.086956521739129988e-02
1.266846361185983427e-01
6.839186691312383604e-02
1.683168316831682720e-01
1.562500000000000000e-01
1.454005934718100579e-01
8.668076109936571905e-02
1.454005934718100579e-01
8.668076109936571905e-02
3.797468354430379861e-02
6.086956521739129988e-02
2.409638554216867942e-02
1.185567010309278579e-01
1.111111111111111188e-01
9.210526315789474561e-02
3.149606299212598381e-02
2.409638554216867942e-02
1.454005934718100579e-01
1.111111111111111188e-01
5.111821086261982006e-02
1.454005934718100579e-01
1.266846361185983427e-01
1.042654028436019037e-01
1.266846361185983427e-01
2.340425531914893387e-01
4.821150855365475413e-02
9.210526315789474561e-02
7.251908396946564472e-02
9.794988610478359836e-02
1.929625425652667717e-02
7.251908396946564472e-02
5.743243243243243562e-02
9.210526315789474561e-02
1.111111111111111188e-01
3.999999999999999112e-01
1.111111111111111188e-01
8.163265306122449716e-02
2.243211334120424894e-02
8.163265306122449716e-02
8.163265306122449716e-02
1.185567010309278579e-01
1.042654028436019037e-01
9.210526315789474561e-02
1.818181818181818787e-01
2.952503209242619137e-02
6.086956521739129988e-02
9.210526315789474561e-02
1.683168316831682720e-01
1.185567010309278579e-01
1.562500000000000000e-01
1.683168316831682720e-01
1.970260223048326820e-01
6.086956521739129988e-02
9.210526315789474561e-02
4.283604135893648995e-02
8.668076109936571905e-02
8.163265306122449716e-02
1.970260223048326820e-01
9.210526315789474561e-02
6.086956521739129988e-02
9.794988610478359836e-02
5.743243243243243562e-02
9.794988610478359836e-02
3.999999999999999112e-01
1.454005934718100579e-01
7.692307692307691347e-02
4.283604135893648995e-02
7.251908396946564472e-02
3.532934131736525374e-01
1.818181818181818787e-01
2.952503209242619137e-02
1.639344262295082053e-02
1.355932203389830504e-01
8.668076109936571905e-02
4.283604135893648995e-02
1.818181818181818787e-01
7.692307692307691347e-02
1.111111111111111188e-01
2.340425531914893387e-01
1.562500000000000000e-01
1.683168316831682720e-01
1.185567010309278579e-01
1.970260223048326820e-01
3.797468354430379861e-02
2.568807339449541427e-01
9.794988610478359836e-02
9.794988610478359836e-02
3.149606299212598381e-02
8.668076109936571905e-02
1.683168316831682720e-01
6.451612903225807660e-02
1.266846361185983427e-01
1.562500000000000000e-01
1.042654028436019037e-01
9.210526315789474561e-02
2.409638554216867942e-02
1.355932203389830504e-01
7.251908396946564472e-02
1.562500000000000000e-01
2.835820895522386254e-01
2.763819095477387452e-02
1.454005934718100579e-01
1.562500000000000000e-01
3.355704697986577889e-02
1.818181818181818787e-01
8.668076109936571905e-02
5.111821086261982006e-02
9.794988610478359836e-02
9.210526315789474561e-02
7.692307692307691347e-02
1.562500000000000000e-01
1.185567010309278579e-01
1.683168316831682720e-01
1.818181818181818787e-01
8.668076109936571905e-02
6.839186691312383604e-02
1.454005934718100579e-01
1.454005934718100579e-01
7.692307692307691347e-02
5.111821086261982006e-02
2.835820895522386254e-01
2.835820895522386254e-01
1.355932203389830504e-01
1.454005934718100579e-01
9.210526315789474561e-02
1.185567010309278579e-01
5.344827586206898351e-01
1.355932203389830504e-01
8.163265306122449716e-02
7.251908396946564472e-02
1.454005934718100579e-01
1.639344262295082053e-02
1.562500000000000000e-01
2.763819095477387452e-02
4.034582132564842188e-02
1.111111111111111188e-01
2.409638554216867942e-02
7.251908396946564472e-02
1.042654028436019037e-01
7.251908396946564472e-02
8.668076109936571905e-02
5.418719211822659032e-02
1.185567010309278579e-01
2.083333333333333565e-02
9.794988610478359836e-02
7.692307692307691347e-02
1.355932203389830504e-01
5.418719211822659032e-02
7.251908396946564472e-02
1.929625425652667717e-02
9.794988610478359836e-02
8.668076109936571905e-02
1.355932203389830504e-01
7.692307692307691347e-02
5.743243243243243562e-02
2.142857142857142738e-01
2.142857142857142738e-01
8.668076109936571905e-02
4.283604135893648995e-02
1.266846361185983427e-01
6.839186691312383604e-02
1.683168316831682720e-01
1.185567010309278579e-01
7.692307692307691347e-02
6.086956521739129988e-02
7.692307692307691347e-02
1.111111111111111188e-01
9.210526315789474561e-02
1.562500000000000000e-01
9.210526315789474561e-02
4.821150855365475413e-02
1.266846361185983427e-01
9.794988610478359836e-02
9.210526315789474561e-02
9.794988610478359836e-02
5.111821086261982006e-02
7.251908396946564472e-02
3.152173913043479492e-01
6.086956521739129988e-02
6.086956521739129988e-02
3.571428571428571924e-02
1.185567010309278579e-01
4.034582132564842188e-02
4.821150855365475413e-02
7.692307692307691347e-02
7.251908396946564472e-02
1.970260223048326820e-01
5.743243243243243562e-02
1.042654028436019037e-01
2.142857142857142738e-01
9.794988610478359836e-02
1.562500000000000000e-01
5.743243243243243562e-02
6.839186691312383604e-02
2.835820895522386254e-01
1.042654028436019037e-01
3.355704697986577889e-02
2.340425531914893387e-01
3.152173913043479492e-01
1.111111111111111188e-01
3.571428571428571924e-02
9.794988610478359836e-02
3.149606299212598381e-02
9.794988610478359836e-02
9.794988610478359836e-02
9.210526315789474561e-02
9.794988610478359836e-02
8.668076109936571905e-02
2.340425531914893387e-01
6.451612903225807660e-02
1.818181818181818787e-01
1.929625425652667717e-02
6.839186691312383604e-02
3.355704697986577889e-02
4.821150855365475413e-02
1.111111111111111188e-01
2.340425531914893387e-01
2.409638554216867942e-02
8.163265306122449716e-02
8.668076109936571905e-02
8.668076109936571905e-02
9.210526315789474561e-02
4.821150855365475413e-02
7.251908396946564472e-02
9.794988610478359836e-02
1.042654028436019037e-01
2.083333333333333565e-02
1.185567010309278579e-01
8.163265306122449716e-02
7.251908396946564472e-02
1.266846361185983427e-01
1.454005934718100579e-01
7.251908396946564472e-02
3.571428571428571924e-02
1.355932203389830504e-01
1.266846361185983427e-01
1.111111111111111188e-01
1.185567010309278579e-01
3.355704697986577889e-02
1.683168316831682720e-01
1.562500000000000000e-01
6.451612903225807660e-02
1.266846361185983427e-01
1.266846361185983427e-01
9.794988610478359836e-02
4.034582132564842188e-02
5.418719211822659032e-02
6.086956521739129988e-02
6.086956521739129988e-02
1.042654028436019037e-01
4.821150855365475413e-02
1.185567010309278579e-01
1.042654028436019037e-01
9.794988610478359836e-02
7.692307692307691347e-02
3.152173913043479492e-01
1.454005934718100579e-01
6.086956521739129988e-02
1.970260223048326820e-01
8.163265306122449716e-02
5.743243243243243562e-02
4.034582132564842188e-02
3.797468354430379861e-02
3.999999999999999112e-01
1.929625425652667717e-02
2.583025830258302291e-02
7.692307692307691347e-02
5.111821086261982006e-02
9.794988610478359836e-02
1.111111111111111188e-01
5.418719211822659032e-02
5.743243243243243562e-02
5.743243243243243562e-02
8.668076109936571905e-02
6.086956521739129988e-02
8.163265306122449716e-02
1.818181818181818787e-01
1.818181818181818787e-01
8.163265306122449716e-02
2.243211334120424894e-02
1.929625425652667717e-02
1.266846361185983427e-01
1.042654028436019037e-01
1.266846361185983427e-01
9.210526315789474561e-02
1.355932203389830504e-01
6.839186691312383604e-02
2.409638554216867942e-02
1.355932203389830504e-01
5.743243243243243562e-02
8.668076109936571905e-02
8.668076109936571905e-02
1.111111111111111188e-01
5.743243243243243562e-02
3.152173913043479492e-01
7.251908396946564472e-02
6.839186691312383604e-02
4.821150855365475413e-02
9.794988610478359836e-02
1.185567010309278579e-01
1.266846361185983427e-01
1.683168316831682720e-01
4.034582132564842188e-02
1.185567010309278579e-01
8.668076109936571905e-02
1.266846361185983427e-01
1.042654028436019037e-01
4.034582132564842188e-02
2.409638554216867942e-02
1.355932203389830504e-01
1.454005934718100579e-01
3.571428571428571924e-02
6.839186691312383604e-02
3.532934131736525374e-01
8.163265306122449716e-02
5.418719211822659032e-02
1.042654028436019037e-01
2.763819095477387452e-02
9.210526315789474561e-02
6.086956521739129988e-02
2.583025830258302291e-02
9.794988610478359836e-02
2.583025830258302291e-02
2.142857142857142738e-01
1.683168316831682720e-01
4.821150855365475413e-02
2.142857142857142738e-01
1.683168316831682720e-01
1.970260223048326820e-01
1.562500000000000000e-01
2.763819095477387452e-02
2.142857142857142738e-01
1.185567010309278579e-01
6.451612903225807660e-02
4.821150855365475413e-02
1.355932203389830504e-01
1.042654028436019037e-01
9.794988610478359836e-02
2.763819095477387452e-02
8.163265306122449716e-02
1.111111111111111188e-01
1.683168316831682720e-01
1.042654028436019037e-01
1.355932203389830504e-01
1.683168316831682720e-01
7.692307692307691347e-02
1.454005934718100579e-01
3.571428571428571924e-02
1.111111111111111188e-01
9.794988610478359836e-02
1.185567010309278579e-01
2.340425531914893387e-01
2.763819095477387452e-02
6.839186691312383604e-02
1.355932203389830504e-01
4.821150855365475413e-02
7.692307692307691347e-02
7.692307692307691347e-02
1.111111111111111188e-01
1.111111111111111188e-01
1.970260223048326820e-01
1.562500000000000000e-01
6.839186691312383604e-02
1.266846361185983427e-01
7.692307692307691347e-02
4.545454545454546275e-02
6.839186691312383604e-02
3.149606299212598381e-02
5.418719211822659032e-02
2.083333333333333565e-02
1.454005934718100579e-01
2.763819095477387452e-02
5.418719211822659032e-02
1.781737193763920091e-02
1.266846361185983427e-01
8.668076109936571905e-02
1.562500000000000000e-01
7.692307692307691347e-02
3.355704697986577889e-02
2.835820895522386254e-01
1.111111111111111188e-01
1.266846361185983427e-01
1.042654028436019037e-01
5.111821086261982006e-02
1.454005934718100579e-01
7.692307692307691347e-02
5.111821086261982006e-02
1.185567010309278579e-01
1.111111111111111188e-01
1.185567010309278579e-01
5.111821086261982006e-02
2.142857142857142738e-01
8.163265306122449716e-02
9.210526315789474561e-02
1.185567010309278579e-01
9.794988610478359836e-02
1.970260223048326820e-01
1.042654028436019037e-01
7.692307692307691347e-02
1.454005934718100579e-01
9.794988610478359836e-02
7.692307692307691347e-02
1.111111111111111188e-01
1.266846361185983427e-01
9.210526315789474561e-02
6.451612903225807660e-02
1.266846361185983427e-01
1.266846361185983427e-01
1.454005934718100579e-01
1.266846361185983427e-01
4.034582132564842188e-02
5.111821086261982006e-02
1.355932203389830504e-01
1.266846361185983427e-01
1.042654028436019037e-01
2.243211334120424894e-02
7.251908396946564472e-02
7.251908396946564472e-02
6.839186691312383604e-02
3.999999999999999112e-01
1.266846361185983427e-01
1.355932203389830504e-01
5.743243243243243562e-02
7.251908396946564472e-02
3.149606299212598381e-02
1.185567010309278579e-01
6.451612903225807660e-02
1.185567010309278579e-01
1.111111111111111188e-01
2.568807339449541427e-01
4.545454545454546275e-02
7.251908396946564472e-02
2.763819095477387452e-02
9.794988610478359836e-02
6.086956521739129988e-02
1.042654028436019037e-01
1.266846361185983427e-01
1.818181818181818787e-01
1.111111111111111188e-01
1.970260223048326820e-01
1.042654028436019037e-01
1.454005934718100579e-01
6.086956521739129988e-02
7.692307692307691347e-02
1.266846361185983427e-01
9.794988610478359836e-02
1.355932203389830504e-01
1.454005934718100579e-01
8.163265306122449716e-02
1.454005934718100579e-01
1.185567010309278579e-01
9.794988610478359836e-02
8.668076109936571905e-02
1.185567010309278579e-01
9.794988610478359836e-02
9.794988610478359836e-02
7.692307692307691347e-02
2.243211334120424894e-02
4.821150855365475413e-02
2.409638554216867942e-02
5.743243243243243562e-02
1.185567010309278579e-01
1.562500000000000000e-01
9.210526315789474561e-02
3.355704697986577889e-02
7.251908396946564472e-02
9.210526315789474561e-02
1.355932203389830504e-01
1.042654028436019037e-01
2.340425531914893387e-01
9.794988610478359836e-02
7.251908396946564472e-02
1.355932203389830504e-01
1.454005934718100579e-01
4.821150855365475413e-02
6.086956521739129988e-02
1.454005934718100579e-01
1.454005934718100579e-01
6.839186691312383604e-02
6.451612903225807660e-02
6.839186691312383604e-02
1.562500000000000000e-01
6.839186691312383604e-02
1.683168316831682720e-01
3.149606299212598381e-02
2.409638554216867942e-02
4.821150855365475413e-02
5.743243243243243562e-02
6.086956521739129988e-02
8.163265306122449716e-02
8.163265306122449716e-02
1.111111111111111188e-01
8.163265306122449716e-02
1.818181818181818787e-01
1.266846361185983427e-01
9.210526315789474561e-02
1.970260223048326820e-01
1.111111111111111188e-01
1.355932203389830504e-01
3.797468354430379861e-02
1.454005934718100579e-01
4.821150855365475413e-02
6.086956521739129988e-02
7.804878048780494737e-01
1.454005934718100579e-01
7.251908396946564472e-02
7.692307692307691347e-02
1.185567010309278579e-01
1.042654028436019037e-01
5.111821086261982006e-02
1.185567010309278579e-01
1.683168316831682720e-01
9.794988610478359836e-02
6.086956521739129988e-02
6.086956521739129988e-02
1.454005934718100579e-01
5.743243243243243562e-02
1.970260223048326820e-01
9.794988610478359836e-02
9.210526315789474561e-02
2.083333333333333565e-02
1.355932203389830504e-01
8.163265306122449716e-02
1.266846361185983427e-01
4.586466165413533580e-01
5.743243243243243562e-02
2.568807339449541427e-01
5.418719211822659032e-02
9.210526315789474561e-02
2.340425531914893387e-01
1.042654028436019037e-01
8.668076109936571905e-02
1.042654028436019037e-01
2.568807339449541427e-01
9.794988610478359836e-02
8.668076109936571905e-02
6.086956521739129988e-02
9.794988610478359836e-02
2.409638554216867942e-02
2.083333333333333565e-02
1.355932203389830504e-01
1.042654028436019037e-01
7.692307692307691347e-02
5.743243243243243562e-02
4.283604135893648995e-02
8.163265306122449716e-02
9.794988610478359836e-02
8.668076109936571905e-02
5.743243243243243562e-02
1.683168316831682720e-01
1.185567010309278579e-01
1.683168316831682720e-01
1.683168316831682720e-01
8.163265306122449716e-02
8.163265306122449716e-02
9.794988610478359836e-02
1.818181818181818787e-01
1.042654028436019037e-01
5.111821086261982006e-02
1.042654028436019037e-01
4.545454545454546275e-02
1.185567010309278579e-01
1.355932203389830504e-01
1.185567010309278579e-01
5.743243243243243562e-02
2.340425531914893387e-01
6.451612903225807660e-02
9.794988610478359836e-02
1.970260223048326820e-01
1.185567010309278579e-01
5.418719211822659032e-02
1.266846361185983427e-01
1.266846361185983427e-01
6.451612903225807660e-02
2.083333333333333565e-02
2.243211334120424894e-02
1.355932203389830504e-01
1.042654028436019037e-01
7.692307692307691347e-02
1.111111111111111188e-01
1.818181818181818787e-01
8.163265306122449716e-02
1.355932203389830504e-01
1.042654028436019037e-01
1.562500000000000000e-01
9.210526315789474561e-02
2.142857142857142738e-01
1.970260223048326820e-01
4.034582132564842188e-02
6.839186691312383604e-02
1.185567010309278579e-01
8.163265306122449716e-02
3.571428571428571924e-02
9.794988610478359836e-02
8.668076109936571905e-02
5.111821086261982006e-02
8.163265306122449716e-02
8.668076109936571905e-02
8.163265306122449716e-02
1.042654028436019037e-01
9.794988610478359836e-02
5.344827586206898351e-01
1.111111111111111188e-01
9.794988610478359836e-02
4.545454545454546275e-02
2.142857142857142738e-01
8.668076109936571905e-02
1.970260223048326820e-01
1.355932203389830504e-01
1.185567010309278579e-01
1.818181818181818787e-01
1.970260223048326820e-01
1.818181818181818787e-01
9.794988610478359836e-02
1.042654028436019037e-01
1.111111111111111188e-01
4.034582132564842188e-02
2.340425531914893387e-01
5.418719211822659032e-02
5.743243243243243562e-02
5.743243243243243562e-02
1.042654028436019037e-01
1.355932203389830504e-01
1.970260223048326820e-01
1.562500000000000000e-01
2.243211334120424894e-02
3.571428571428571924e-02
1.818181818181818787e-01
8.668076109936571905e-02
9.210526315789474561e-02
1.111111111111111188e-01
6.086956521739129988e-02
3.571428571428571924e-02
1.818181818181818787e-01
6.839186691312383604e-02
1.683168316831682720e-01
9.210526315789474561e-02
8.163265306122449716e-02
1.355932203389830504e-01
7.251908396946564472e-02
6.451612903225807660e-02
7.251908396946564472e-02
8.668076109936571905e-02
3.149606299212598381e-02
2.142857142857142738e-01
9.794988610478359836e-02
2.340425531914893387e-01
8.668076109936571905e-02
1.185567010309278579e-01
1.266846361185983427e-01
7.251908396946564472e-02
1.562500000000000000e-01
1.970260223048326820e-01
1.454005934718100579e-01
1.683168316831682720e-01
1.355932203389830504e-01
9.794988610478359836e-02
4.821150855365475413e-02
1.042654028436019037e-01
5.111821086261982006e-02
4.821150855365475413e-02
1.454005934718100579e-01
4.034582132564842188e-02
5.111821086261982006e-02
7.692307692307691347e-02
3.797468354430379861e-02
1.562500000000000000e-01
7.692307692307691347e-02
1.562500000000000000e-01
6.086956521739129988e-02
1.042654028436019037e-01
4.034582132564842188e-02
1.683168316831682720e-01
9.210526315789474561e-02
2.083333333333333565e-02
2.142857142857142738e-01
3.355704697986577889e-02
5.743243243243243562e-02
2.409638554216867942e-02
8.163265306122449716e-02
8.163265306122449716e-02
1.185567010309278579e-01
1.111111111111111188e-01
1.369863013698630408e-02
1.111111111111111188e-01
3.571428571428571924e-02
1.562500000000000000e-01
1.042654028436019037e-01
8.163265306122449716e-02
2.835820895522386254e-01
9.794988610478359836e-02
1.185567010309278579e-01
6.839186691312383604e-02
4.586466165413533580e-01
3.571428571428571924e-02
6.086956521739129988e-02
1.454005934718100579e-01
1.970260223048326820e-01
1.970260223048326820e-01
2.142857142857142738e-01
1.454005934718100579e-01
1.562500000000000000e-01
1.454005934718100579e-01
3.355704697986577889e-02
7.251908396946564472e-02
1.185567010309278579e-01
1.683168316831682720e-01
1.818181818181818787e-01
1.042654028436019037e-01
8.668076109936571905e-02
8.668076109936571905e-02
1.266846361185983427e-01
1.185567010309278579e-01
2.583025830258302291e-02
9.210526315789474561e-02
7.251908396946564472e-02
6.451612903225807660e-02
2.340425531914893387e-01
6.451612903225807660e-02
1.562500000000000000e-01
3.355704697986577889e-02
9.794988610478359836e-02
4.821150855365475413e-02
3.149606299212598381e-02
9.794988610478359836e-02
7.692307692307691347e-02
1.042654028436019037e-01
1.683168316831682720e-01
2.340425531914893387e-01
3.571428571428571924e-02
2.583025830258302291e-02
7.692307692307691347e-02
3.532934131736525374e-01
2.952503209242619137e-02
1.266846361185983427e-01
4.821150855365475413e-02
8.163265306122449716e-02
3.571428571428571924e-02
9.210526315789474561e-02
7.692307692307691347e-02
7.692307692307691347e-02
1.111111111111111188e-01
9.794988610478359836e-02
7.251908396946564472e-02
7.251908396946564472e-02
2.568807339449541427e-01
1.266846361185983427e-01
1.042654028436019037e-01
8.668076109936571905e-02
6.086956521739129988e-02
7.251908396946564472e-02
1.355932203389830504e-01
1.111111111111111188e-01
6.451612903225807660e-02
1.185567010309278579e-01
6.086956521739129988e-02
3.149606299212598381e-02
2.763819095477387452e-02
2.340425531914893387e-01
8.668076109936571905e-02
1.562500000000000000e-01
4.545454545454546275e-02
2.568807339449541427e-01
1.185567010309278579e-01
1.562500000000000000e-01
6.086956521739129988e-02
5.743243243243243562e-02
5.111821086261982006e-02
2.568807339449541427e-01
1.042654028436019037e-01
1.355932203389830504e-01
2.142857142857142738e-01
2.083333333333333565e-02
2.952503209242619137e-02
2.083333333333333565e-02
1.818181818181818787e-01
1.111111111111111188e-01
1.562500000000000000e-01
5.743243243243243562e-02
8.668076109936571905e-02
5.743243243243243562e-02
1.454005934718100579e-01
1.781737193763920091e-02
1.355932203389830504e-01
8.668076109936571905e-02
2.340425531914893387e-01
2.409638554216867942e-02
3.571428571428571924e-02
9.210526315789474561e-02
5.418719211822659032e-02
9.210526315789474561e-02
4.283604135893648995e-02
4.283604135893648995e-02
2.340425531914893387e-01
1.119023397761953302e-02
2.142857142857142738e-01
2.568807339449541427e-01
2.835820895522386254e-01
4.821150855365475413e-02
9.794988610478359836e-02
3.149606299212598381e-02
4.545454545454546275e-02
1.185567010309278579e-01
9.210526315789474561e-02
4.545454545454546275e-02
9.794988610478359836e-02
1.970260223048326820e-01
1.562500000000000000e-01
2.142857142857142738e-01
1.042654028436019037e-01
1.683168316831682720e-01
9.794988610478359836e-02
1.562500000000000000e-01
2.409638554216867942e-02
6.451612903225807660e-02
1.454005934718100579e-01
1.683168316831682720e-01
1.454005934718100579e-01
8.163265306122449716e-02
1.042654028436019037e-01
6.086956521739129988e-02
2.583025830258302291e-02
7.251908396946564472e-02
4.034582132564842188e-02
8.163265306122449716e-02
5.418719211822659032e-02
1.454005934718100579e-01
5.743243243243243562e-02
5.111821086261982006e-02
1.355932203389830504e-01
4.034582132564842188e-02
2.568807339449541427e-01
1.042654028436019037e-01
2.583025830258302291e-02
1.454005934718100579e-01
1.266846361185983427e-01
1.266846361185983427e-01
8.163265306122449716e-02
2.835820895522386254e-01
4.283604135893648995e-02
8.668076109936571905e-02
1.185567010309278579e-01
8.163265306122449716e-02
3.149606299212598381e-02
8.668076109936571905e-02
1.781737193763920091e-02
1.562500000000000000e-01
1.185567010309278579e-01
3.571428571428571924e-02
1.042654028436019037e-01
6.839186691312383604e-02
8.668076109936571905e-02
1.818181818181818787e-01
9.210526315789474561e-02
2.409638554216867942e-02
1.111111111111111188e-01
7.251908396946564472e-02
3.152173913043479492e-01
1.929625425652667717e-02
2.952503209242619137e-02
3.571428571428571924e-02
1.042654028436019037e-01
1.185567010309278579e-01
1.111111111111111188e-01
2.763819095477387452e-02
3.571428571428571924e-02
8.163265306122449716e-02
1.111111111111111188e-01
1.185567010309278579e-01
1.818181818181818787e-01
2.763819095477387452e-02
8.163265306122449716e-02
2.835820895522386254e-01
4.821150855365475413e-02
2.142857142857142738e-01
1.111111111111111188e-01
1.562500000000000000e-01
8.163265306122449716e-02
1.355932203389830504e-01
1.970260223048326820e-01
1.111111111111111188e-01
8.668076109936571905e-02
1.454005934718100579e-01
2.142857142857142738e-01
9.210526315789474561e-02
1.042654028436019037e-01
1.111111111111111188e-01
1.185567010309278579e-01
1.683168316831682720e-01
4.545454545454546275e-02
6.086956521739129988e-02
1.970260223048326820e-01
7.692307692307691347e-02
2.409638554216867942e-02
6.086956521739129988e-02
1.185567010309278579e-01
9.794988610478359836e-02
1.266846361185983427e-01
4.545454545454546275e-02
8.163265306122449716e-02
4.545454545454546275e-02
1.562500000000000000e-01
8.668076109936571905e-02
4.034582132564842188e-02
6.451612903225807660e-02
1.562500000000000000e-01
6.839186691312383604e-02
1.970260223048326820e-01
1.818181818181818787e-01
1.562500000000000000e-01
5.743243243243243562e-02
3.797468354430379861e-02
3.571428571428571924e-02
1.042654028436019037e-01
1.185567010309278579e-01
1.970260223048326820e-01
2.243211334120424894e-02
1.042654028436019037e-01
1.042654028436019037e-01
1.042654028436019037e-01
1.929625425652667717e-02
1.970260223048326820e-01
2.142857142857142738e-01
7.692307692307691347e-02
3.355704697986577889e-02
1.683168316831682720e-01
6.839186691312383604e-02
2.142857142857142738e-01
1.355932203389830504e-01
1.042654028436019037e-01
2.568807339449541427e-01
1.185567010309278579e-01
2.568807339449541427e-01
6.086956521739129988e-02
8.668076109936571905e-02
7.804878048780494737e-01
1.355932203389830504e-01
8.668076109936571905e-02
3.797468354430379861e-02
6.839186691312383604e-02
1.266846361185983427e-01
1.111111111111111188e-01
1.562500000000000000e-01
1.562500000000000000e-01
1.562500000000000000e-01
1.266846361185983427e-01
4.545454545454546275e-02
7.251908396946564472e-02
8.668076109936571905e-02
2.243211334120424894e-02
8.163265306122449716e-02
1.042654028436019037e-01
1.562500000000000000e-01
1.185567010309278579e-01
1.970260223048326820e-01
1.111111111111111188e-01
4.283604135893648995e-02
1.454005934718100579e-01
1.929625425652667717e-02
7.251908396946564472e-02
4.283604135893648995e-02
8.668076109936571905e-02
1.111111111111111188e-01
5.743243243243243562e-02
1.111111111111111188e-01
9.210526315789474561e-02
3.532934131736525374e-01
5.111821086261982006e-02
1.042654028436019037e-01
1.818181818181818787e-01
9.794988610478359836e-02
1.562500000000000000e-01
1.562500000000000000e-01
1.042654028436019037e-01
8.163265306122449716e-02
5.743243243243243562e-02
8.163265306122449716e-02
6.839186691312383604e-02
1.454005934718100579e-01
1.111111111111111188e-01
9.210526315789474561e-02
1.454005934718100579e-01
8.163265306122449716e-02
5.743243243243243562e-02
2.409638554216867942e-02
6.086956521739129988e-02
1.111111111111111188e-01
1.454005934718100579e-01
1.454005934718100579e-01
8.668076109936571905e-02
8.668076109936571905e-02
6.086956521739129988e-02
4.283604135893648995e-02
1.042654028436019037e-01
1.639344262295082053e-02
1.562500000000000000e-01
1.266846361185983427e-01
2.583025830258302291e-02
1.111111111111111188e-01
1.454005934718100579e-01
3.571428571428571924e-02
1.970260223048326820e-01
1.454005934718100579e-01
1.818181818181818787e-01
2.409638554216867942e-02
7.251908396946564472e-02
1.111111111111111188e-01
9.210526315789474561e-02
2.083333333333333565e-02
1.042654028436019037e-01
9.794988610478359836e-02
1.818181818181818787e-01
8.668076109936571905e-02
1.970260223048326820e-01
9.210526315789474561e-02
5.743243243243243562e-02
1.185567010309278579e-01
1.454005934718100579e-01
2.568807339449541427e-01
2.952503209242619137e-02
4.545454545454546275e-02
2.835820895522386254e-01
1.683168316831682720e-01
1.185567010309278579e-01
8.163265306122449716e-02
2.568807339449541427e-01
6.086956521739129988e-02
5.743243243243243562e-02
4.545454545454546275e-02
1.355932203389830504e-01
1.042654028436019037e-01
8.668076109936571905e-02
1.266846361185983427e-01
7.692307692307691347e-02
2.568807339449541427e-01
2.952503209242619137e-02
6.086956521739129988e-02
1.266846361185983427e-01
1.683168316831682720e-01
8.668076109936571905e-02
8.668076109936571905e-02
1.266846361185983427e-01
1.562500000000000000e-01
1.266846361185983427e-01
4.034582132564842188e-02
8.668076109936571905e-02
1.970260223048326820e-01
1.111111111111111188e-01
5.418719211822659032e-02
6.086956521739129988e-02
1.111111111111111188e-01
1.111111111111111188e-01
1.970260223048326820e-01
1.454005934718100579e-01
1.818181818181818787e-01
9.794988610478359836e-02
8.163265306122449716e-02
1.818181818181818787e-01
1.562500000000000000e-01
7.251908396946564472e-02
1.185567010309278579e-01
8.163265306122449716e-02
3.797468354430379861e-02
4.821150855365475413e-02
1.639344262295082053e-02
1.355932203389830504e-01
1.185567010309278579e-01
1.970260223048326820e-01
9.210526315789474561e-02
2.142857142857142738e-01
2.083333333333333565e-02
3.149606299212598381e-02
1.266846361185983427e-01
9.210526315789474561e-02
6.451612903225807660e-02
1.111111111111111188e-01
8.163265306122449716e-02
1.266846361185983427e-01
1.185567010309278579e-01
1.266846361185983427e-01
1.970260223048326820e-01
1.185567010309278579e-01
4.545454545454546275e-02
1.111111111111111188e-01
1.266846361185983427e-01
1.929625425652667717e-02
8.668076109936571905e-02
1.042654028436019037e-01
9.210526315789474561e-02
5.743243243243243562e-02
4.034582132564842188e-02
8.668076109936571905e-02
4.034582132564842188e-02
9.210526315789474561e-02
6.086956521739129988e-02
1.781737193763920091e-02
6.086956521739129988e-02
9.210526315789474561e-02
1.562500000000000000e-01
2.568807339449541427e-01
3.149606299212598381e-02
2.243211334120424894e-02
9.210526315789474561e-02
5.111821086261982006e-02
5.743243243243243562e-02
5.418719211822659032e-02
8.163265306122449716e-02
6.839186691312383604e-02
3.149606299212598381e-02
6.839186691312383604e-02
1.818181818181818787e-01
5.743243243243243562e-02
1.111111111111111188e-01
6.451612903225807660e-02
4.283604135893648995e-02
5.743243243243243562e-02
4.821150855365475413e-02
1.266846361185983427e-01
1.454005934718100579e-01
1.266846361185983427e-01
1.818181818181818787e-01
9.794988610478359836e-02
1.042654028436019037e-01
2.243211334120424894e-02
3.152173913043479492e-01
1.185567010309278579e-01
4.034582132564842188e-02
4.821150855365475413e-02
2.952503209242619137e-02
7.251908396946564472e-02
5.111821086261982006e-02
1.355932203389830504e-01
1.185567010309278579e-01
6.451612903225807660e-02
1.454005934718100579e-01
6.451612903225807660e-02
1.454005934718100579e-01
1.185567010309278579e-01
2.340425531914893387e-01
6.839186691312383604e-02
9.210526315789474561e-02
4.034582132564842188e-02
1.042654028436019037e-01
9.794988610478359836e-02
8.668076109936571905e-02
7.692307692307691347e-02
9.210526315789474561e-02
1.185567010309278579e-01
4.283604135893648995e-02
9.210526315789474561e-02
1.970260223048326820e-01
5.743243243243243562e-02
9.210526315789474561e-02
6.839186691312383604e-02
2.952503209242619137e-02
1.454005934718100579e-01
1.042654028436019037e-01
1.454005934718100579e-01
1.111111111111111188e-01
1.454005934718100579e-01
9.794988610478359836e-02
6.086956521739129988e-02
7.251908396946564472e-02
1.266846361185983427e-01
3.797468354430379861e-02
1.111111111111111188e-01
1.970260223048326820e-01
1.683168316831682720e-01
8.163265306122449716e-02
1.111111111111111188e-01
4.821150855365475413e-02
1.454005934718100579e-01
5.111821086261982006e-02
6.451612903225807660e-02
5.111821086261982006e-02
2.568807339449541427e-01
7.251908396946564472e-02
2.952503209242619137e-02
1.929625425652667717e-02
1.042654028436019037e-01
1.454005934718100579e-01
4.586466165413533580e-01
1.266846361185983427e-01
7.692307692307691347e-02
1.266846361185983427e-01
2.340425531914893387e-01
7.692307692307691347e-02
8.668076109936571905e-02
9.210526315789474561e-02
1.042654028436019037e-01
4.283604135893648995e-02
2.083333333333333565e-02
8.668076109936571905e-02
4.034582132564842188e-02
1.042654028436019037e-01
3.571428571428571924e-02
1.454005934718100579e-01
9.210526315789474561e-02
4.821150855365475413e-02
1.266846361185983427e-01
6.086956521739129988e-02
6.451612903225807660e-02
2.243211334120424894e-02
8.668076109936571905e-02
1.266846361185983427e-01
4.283604135893648995e-02
5.743243243243243562e-02
3.152173913043479492e-01
6.839186691312383604e-02
9.794988610478359836e-02
6.839186691312383604e-02
6.839186691312383604e-02
3.571428571428571924e-02
8.668076109936571905e-02
5.743243243243243562e-02
6.451612903225807660e-02
4.586466165413533580e-01
1.266846361185983427e-01
2.568807339449541427e-01
8.163265306122449716e-02
9.794988610478359836e-02
1.818181818181818787e-01
1.970260223048326820e-01
2.763819095477387452e-02
8.163265306122449716e-02
6.086956521739129988e-02
8.668076109936571905e-02
8.163265306122449716e-02
8.668076109936571905e-02
5.418719211822659032e-02
3.797468354430379861e-02
3.355704697986577889e-02
1.683168316831682720e-01
2.568807339449541427e-01
9.210526315789474561e-02
3.571428571428571924e-02
7.692307692307691347e-02
6.839186691312383604e-02
7.251908396946564472e-02
7.692307692307691347e-02
1.042654028436019037e-01
6.451612903225807660e-02
6.839186691312383604e-02
1.454005934718100579e-01
9.794988610478359836e-02
1.355932203389830504e-01
1.266846361185983427e-01
1.266846361185983427e-01
9.794988610478359836e-02
1.185567010309278579e-01
1.355932203389830504e-01
1.970260223048326820e-01
1.111111111111111188e-01
2.583025830258302291e-02
1.266846361185983427e-01
1.111111111111111188e-01
1.111111111111111188e-01
6.839186691312383604e-02
7.804878048780494737e-01
8.163265306122449716e-02
9.210526315789474561e-02
5.418719211822659032e-02
3.532934131736525374e-01
3.152173913043479492e-01
3.149606299212598381e-02
9.794988610478359836e-02
7.692307692307691347e-02
9.794988610478359836e-02
3.797468354430379861e-02
9.794988610478359836e-02
6.839186691312383604e-02
1.683168316831682720e-01
9.210526315789474561e-02
8.668076109936571905e-02
8.668076109936571905e-02
5.743243243243243562e-02
4.034582132564842188e-02
9.794988610478359836e-02
4.821150855365475413e-02
2.568807339449541427e-01
1.266846361185983427e-01
2.409638554216867942e-02
2.409638554216867942e-02
6.451612903225807660e-02
5.111821086261982006e-02
8.163265306122449716e-02
3.355704697986577889e-02
2.243211334120424894e-02
1.111111111111111188e-01
4.821150855365475413e-02
1.454005934718100579e-01
2.142857142857142738e-01
1.185567010309278579e-01
2.763819095477387452e-02
2.568807339449541427e-01
6.839186691312383604e-02
1.562500000000000000e-01
8.668076109936571905e-02
3.797468354430379861e-02
1.042654028436019037e-01
1.355932203389830504e-01
1.185567010309278579e-01
1.929625425652667717e-02
7.692307692307691347e-02
1.111111111111111188e-01
7.251908396946564472e-02
8.163265306122449716e-02
6.451612903225807660e-02
1.562500000000000000e-01
8.668076109936571905e-02
1.454005934718100579e-01
3.797468354430379861e-02
1.185567010309278579e-01
6.086956521739129988e-02
3.797468354430379861e-02
1.562500000000000000e-01
5.111821086261982006e-02
1.454005934718100579e-01
3.152173913043479492e-01
7.692307692307691347e-02
8.668076109936571905e-02
6.839186691312383604e-02
3.355704697986577889e-02
1.818181818181818787e-01
1.454005934718100579e-01
5.418719211822659032e-02
1.111111111111111188e-01
7.251908396946564472e-02
7.692307692307691347e-02
9.210526315789474561e-02
5.418719211822659032e-02
1.562500000000000000e-01
5.743243243243243562e-02
8.163265306122449716e-02
1.562500000000000000e-01
7.692307692307691347e-02
8.163265306122449716e-02
1.355932203389830504e-01
5.418719211822659032e-02
1.266846361185983427e-01
9.794988610478359836e-02
6.086956521739129988e-02
4.283604135893648995e-02
4.821150855365475413e-02
1.185567010309278579e-01
2.340425531914893387e-01
1.355932203389830504e-01
1.355932203389830504e-01
1.111111111111111188e-01
1.355932203389830504e-01
1.970260223048326820e-01
1.970260223048326820e-01
6.086956521739129988e-02
1.111111111111111188e-01
7.251908396946564472e-02
4.821150855365475413e-02
1.185567010309278579e-01
1.454005934718100579e-01
1.185567010309278579e-01
9.210526315789474561e-02
3.152173913043479492e-01
1.042654028436019037e-01
3.149606299212598381e-02
7.251908396946564472e-02
1.355932203389830504e-01
1.185567010309278579e-01
6.839186691312383604e-02
2.340425531914893387e-01
4.821150855365475413e-02
1.111111111111111188e-01
1.185567010309278579e-01
6.086956521739129988e-02
1.185567010309278579e-01
7.692307692307691347e-02
6.451612903225807660e-02
4.545454545454546275e-02
1.185567010309278579e-01
5.111821086261982006e-02
1.562500000000000000e-01
6.839186691312383604e-02
4.821150855365475413e-02
1.042654028436019037e-01
6.451612903225807660e-02
5.418719211822659032e-02
2.568807339449541427e-01
6.839186691312383604e-02
5.743243243243243562e-02
3.355704697986577889e-02
3.797468354430379861e-02
7.251908396946564472e-02
5.418719211822659032e-02
8.668076109936571905e-02
