5.025125628140703071e-02
1.068702290076336131e-01
1.315789473684210453e-01
8.783783783783784271e-02
9.677419354838710797e-02
5.511811023622047168e-02
1.183673469387754862e-01
1.068702290076336131e-01
5.511811023622047168e-02
1.864406779661017532e-01
5.511811023622047168e-02
2.447552447552447108e-01
1.183673469387754862e-01
1.649484536082474473e-01
1.469194312796208712e-01
1.864406779661017532e-01
4.166666666666667129e-02
1.538461538461538720e-02
1.315789473684210453e-01
1.864406779661017532e-01
1.649484536082474473e-01
7.272727272727270986e-02
6.043956043956044688e-02
2.124999999999999389e-01
5.511811023622047168e-02
1.469194312796208712e-01
3.786191536748329672e-02
7.987220447284344715e-02
1.864406779661017532e-01
4.578313253012048639e-02
2.800000000000000405e-02
4.578313253012048639e-02
7.272727272727270986e-02
3.786191536748329672e-02
9.677419354838710797e-02
5.199999999999995737e-01
1.649484536082474473e-01
1.864406779661017532e-01
2.247191011235954994e-02
7.272727272727270986e-02
4.578313253012048639e-02
1.469194312796208712e-01
1.068702290076336131e-01
8.783783783783784271e-02
1.068702290076336131e-01
9.677419354838710797e-02
1.183673469387754862e-01
1.649484536082474473e-01
2.124999999999999389e-01
4.166666666666667129e-02
1.183673469387754862e-01
2.124999999999999389e-01
1.864406779661017532e-01
2.247191011235954994e-02
2.800000000000000405e-02
1.068702290076336131e-01
3.786191536748329672e-02
5.025125628140703071e-02
1.183673469387754862e-01
3.433476394849785396e-02
1.649484536082474473e-01
1.469194312796208712e-01
9.677419354838710797e-02
2.447552447552447108e-01
1.469194312796208712e-01
5.025125628140703071e-02
1.068702290076336131e-01
9.677419354838710797e-02
6.043956043956044688e-02
6.043956043956044688e-02
1.469194312796208712e-01
6.043956043956044688e-02
1.864406779661017532e-01
8.783783783783784271e-02
2.124999999999999389e-01
1.864406779661017532e-01
1.649484536082474473e-01
3.105590062111800512e-02
4.166666666666667129e-02
4.578313253012048639e-02
1.068702290076336131e-01
6.043956043956044688e-02
1.538461538461538720e-02
8.783783783783784271e-02
2.247191011235954994e-02
3.105590062111800512e-02
1.315789473684210453e-01
2.800000000000000405e-02
2.800000000000000405e-02
4.166666666666667129e-02
7.987220447284344715e-02
9.677419354838710797e-02
1.469194312796208712e-01
3.105590062111800512e-02
5.025125628140703071e-02
4.578313253012048639e-02
2.514506769825918669e-02
1.315789473684210453e-01
1.315789473684210453e-01
1.649484536082474473e-01
1.315789473684210453e-01
3.786191536748329672e-02
7.272727272727270986e-02
2.447552447552447108e-01
3.105590062111800512e-02
1.864406779661017532e-01
5.511811023622047168e-02
3.105590062111800512e-02
6.628242074927954974e-02
1.469194312796208712e-01
1.068702290076336131e-01
7.987220447284344715e-02
3.433476394849785396e-02
3.786191536748329672e-02
2.514506769825918669e-02
1.315789473684210453e-01
9.677419354838710797e-02
9.677419354838710797e-02
1.068702290076336131e-01
1.068702290076336131e-01
1.183673469387754862e-01
1.315789473684210453e-01
4.578313253012048639e-02
5.025125628140703071e-02
1.183673469387754862e-01
5.511811023622047168e-02
6.628242074927954974e-02
2.247191011235954994e-02
3.105590062111800512e-02
2.514506769825918669e-02
5.025125628140703071e-02
2.447552447552447108e-01
2.124999999999999389e-01
2.800000000000000405e-02
4.578313253012048639e-02
2.124999999999999389e-01
1.649484536082474473e-01
2.800000000000000405e-02
1.068702290076336131e-01
2.800000000000000405e-02
8.783783783783784271e-02
1.068702290076336131e-01
3.433476394849785396e-02
2.800000000000000405e-02
4.166666666666667129e-02
3.105590062111800512e-02
8.783783783783784271e-02
1.469194312796208712e-01
9.677419354838710797e-02
1.649484536082474473e-01
7.272727272727270986e-02
1.315789473684210453e-01
1.183673469387754862e-01
1.469194312796208712e-01
2.124999999999999389e-01
1.469194312796208712e-01
1.469194312796208712e-01
6.043956043956044688e-02
1.469194312796208712e-01
1.315789473684210453e-01
9.677419354838710797e-02
1.183673469387754862e-01
2.447552447552447108e-01
2.857142857142856984e-01
8.783783783783784271e-02
6.043956043956044688e-02
3.105590062111800512e-02
6.896551724137924833e-01
1.315789473684210453e-01
7.272727272727270986e-02
2.800000000000000405e-02
9.677419354838710797e-02
1.864406779661017532e-01
3.105590062111800512e-02
8.783783783783784271e-02
2.514506769825918669e-02
5.025125628140703071e-02
3.105590062111800512e-02
1.649484536082474473e-01
5.025125628140703071e-02
1.649484536082474473e-01
1.315789473684210453e-01
2.247191011235954994e-02
1.315789473684210453e-01
3.786191536748329672e-02
8.783783783783784271e-02
6.628242074927954974e-02
1.315789473684210453e-01
1.864406779661017532e-01
3.786191536748329672e-02
7.272727272727270986e-02
1.864406779661017532e-01
1.469194312796208712e-01
2.857142857142856984e-01
4.166666666666667129e-02
1.183673469387754862e-01
3.105590062111800512e-02
9.677419354838710797e-02
1.315789473684210453e-01
2.447552447552447108e-01
9.677419354838710797e-02
1.183673469387754862e-01
3.786191536748329672e-02
2.857142857142856984e-01
2.447552447552447108e-01
1.315789473684210453e-01
2.447552447552447108e-01
7.272727272727270986e-02
7.272727272727270986e-02
1.183673469387754862e-01
3.433476394849785396e-02
2.800000000000000405e-02
2.800000000000000405e-02
5.199999999999995737e-01
1.068702290076336131e-01
3.105590062111800512e-02
3.786191536748329672e-02
1.068702290076336131e-01
1.183673469387754862e-01
8.783783783783784271e-02
7.987220447284344715e-02
4.166666666666667129e-02
5.511811023622047168e-02
1.315789473684210453e-01
9.677419354838710797e-02
1.183673469387754862e-01
1.068702290076336131e-01
4.166666666666667129e-02
1.649484536082474473e-01
8.783783783783784271e-02
1.469194312796208712e-01
1.649484536082474473e-01
6.628242074927954974e-02
3.433476394849785396e-02
1.068702290076336131e-01
3.433476394849785396e-02
2.124999999999999389e-01
2.857142857142856984e-01
4.166666666666667129e-02
1.469194312796208712e-01
1.068702290076336131e-01
1.864406779661017532e-01
2.857142857142856984e-01
5.025125628140703071e-02
4.166666666666667129e-02
5.025125628140703071e-02
1.469194312796208712e-01
1.864406779661017532e-01
3.105590062111800512e-02
5.511811023622047168e-02
1.469194312796208712e-01
3.105590062111800512e-02
1.864406779661017532e-01
1.315789473684210453e-01
3.786191536748329672e-02
1.864406779661017532e-01
3.433476394849785396e-02
2.124999999999999389e-01
2.447552447552447108e-01
2.800000000000000405e-02
4.578313253012048639e-02
8.783783783783784271e-02
1.315789473684210453e-01
1.649484536082474473e-01
2.514506769825918669e-02
7.987220447284344715e-02
1.068702290076336131e-01
8.783783783783784271e-02
1.469194312796208712e-01
1.183673469387754862e-01
9.677419354838710797e-02
1.649484536082474473e-01
4.166666666666667129e-02
6.628242074927954974e-02
1.649484536082474473e-01
6.628242074927954974e-02
1.315789473684210453e-01
2.514506769825918669e-02
3.433476394849785396e-02
1.183673469387754862e-01
1.469194312796208712e-01
1.183673469387754862e-01
7.272727272727270986e-02
1.469194312796208712e-01
7.272727272727270986e-02
1.649484536082474473e-01
8.783783783783784271e-02
2.800000000000000405e-02
3.394495412844036886e-01
1.183673469387754862e-01
1.469194312796208712e-01
1.649484536082474473e-01
8.783783783783784271e-02
7.272727272727270986e-02
4.166666666666667129e-02
2.800000000000000405e-02
2.800000000000000405e-02
5.025125628140703071e-02
9.677419354838710797e-02
5.511811023622047168e-02
8.783783783783784271e-02
2.800000000000000405e-02
3.433476394849785396e-02
1.469194312796208712e-01
1.068702290076336131e-01
1.469194312796208712e-01
7.987220447284344715e-02
3.786191536748329672e-02
8.783783783783784271e-02
1.649484536082474473e-01
1.469194312796208712e-01
1.068702290076336131e-01
1.068702290076336131e-01
3.786191536748329672e-02
1.315789473684210453e-01
7.987220447284344715e-02
7.987220447284344715e-02
8.783783783783784271e-02
3.786191536748329672e-02
3.433476394849785396e-02
1.469194312796208712e-01
2.800000000000000405e-02
1.649484536082474473e-01
7.272727272727270986e-02
4.166666666666667129e-02
1.315789473684210453e-01
1.649484536082474473e-01
2.247191011235954994e-02
4.166666666666667129e-02
1.315789473684210453e-01
1.068702290076336131e-01
1.183673469387754862e-01
8.783783783783784271e-02
1.315789473684210453e-01
2.124999999999999389e-01
2.800000000000000405e-02
1.469194312796208712e-01
9.677419354838710797e-02
1.068702290076336131e-01
1.183673469387754862e-01
7.272727272727270986e-02
5.025125628140703071e-02
2.800000000000000405e-02
2.800000000000000405e-02
1.469194312796208712e-01
2.447552447552447108e-01
1.068702290076336131e-01
7.987220447284344715e-02
8.783783783783784271e-02
1.183673469387754862e-01
1.864406779661017532e-01
1.068702290076336131e-01
7.987220447284344715e-02
1.068702290076336131e-01
7.987220447284344715e-02
1.864406779661017532e-01
3.433476394849785396e-02
4.578313253012048639e-02
9.677419354838710797e-02
3.394495412844036886e-01
6.628242074927954974e-02
2.514506769825918669e-02
2.124999999999999389e-01
1.315789473684210453e-01
5.025125628140703071e-02
3.105590062111800512e-02
3.786191536748329672e-02
2.124999999999999389e-01
1.315789473684210453e-01
1.068702290076336131e-01
3.105590062111800512e-02
3.105590062111800512e-02
4.166666666666667129e-02
7.272727272727270986e-02
1.469194312796208712e-01
1.469194312796208712e-01
2.447552447552447108e-01
9.677419354838710797e-02
1.315789473684210453e-01
1.469194312796208712e-01
7.987220447284344715e-02
2.514506769825918669e-02
9.677419354838710797e-02
1.864406779661017532e-01
7.272727272727270986e-02
2.124999999999999389e-01
1.183673469387754862e-01
2.124999999999999389e-01
6.628242074927954974e-02
1.649484536082474473e-01
5.511811023622047168e-02
5.025125628140703071e-02
9.677419354838710797e-02
5.511811023622047168e-02
1.068702290076336131e-01
1.315789473684210453e-01
1.068702290076336131e-01
1.068702290076336131e-01
1.068702290076336131e-01
3.105590062111800512e-02
1.068702290076336131e-01
1.864406779661017532e-01
6.896551724137924833e-01
3.786191536748329672e-02
4.166666666666667129e-02
3.786191536748329672e-02
9.677419354838710797e-02
4.166666666666667129e-02
4.166666666666667129e-02
3.433476394849785396e-02
2.800000000000000405e-02
8.783783783783784271e-02
3.433476394849785396e-02
3.105590062111800512e-02
4.166666666666667129e-02
1.068702290076336131e-01
1.864406779661017532e-01
2.447552447552447108e-01
1.649484536082474473e-01
5.025125628140703071e-02
1.068702290076336131e-01
1.183673469387754862e-01
1.469194312796208712e-01
1.068702290076336131e-01
5.025125628140703071e-02
6.628242074927954974e-02
8.783783783783784271e-02
5.025125628140703071e-02
4.578313253012048639e-02
5.025125628140703071e-02
1.864406779661017532e-01
3.786191536748329672e-02
7.987220447284344715e-02
8.783783783783784271e-02
7.987220447284344715e-02
1.068702290076336131e-01
3.105590062111800512e-02
2.514506769825918669e-02
3.433476394849785396e-02
1.183673469387754862e-01
9.677419354838710797e-02
8.783783783783784271e-02
6.628242074927954974e-02
1.864406779661017532e-01
3.786191536748329672e-02
2.447552447552447108e-01
2.124999999999999389e-01
1.183673469387754862e-01
1.068702290076336131e-01
1.649484536082474473e-01
1.864406779661017532e-01
4.578313253012048639e-02
2.800000000000000405e-02
1.538461538461538720e-02
4.166666666666667129e-02
1.996370235934664256e-02
1.469194312796208712e-01
5.511811023622047168e-02
1.068702290076336131e-01
1.469194312796208712e-01
1.183673469387754862e-01
7.272727272727270986e-02
1.183673469387754862e-01
3.433476394849785396e-02
1.864406779661017532e-01
3.786191536748329672e-02
1.469194312796208712e-01
6.043956043956044688e-02
1.649484536082474473e-01
5.511811023622047168e-02
4.166666666666667129e-02
3.433476394849785396e-02
7.272727272727270986e-02
4.166666666666667129e-02
1.469194312796208712e-01
3.105590062111800512e-02
1.649484536082474473e-01
3.786191536748329672e-02
4.166666666666667129e-02
3.105590062111800512e-02
1.649484536082474473e-01
7.987220447284344715e-02
1.649484536082474473e-01
8.783783783783784271e-02
9.677419354838710797e-02
2.514506769825918669e-02
8.783783783783784271e-02
1.183673469387754862e-01
5.511811023622047168e-02
6.043956043956044688e-02
3.786191536748329672e-02
3.105590062111800512e-02
1.649484536082474473e-01
1.068702290076336131e-01
1.649484536082474473e-01
1.864406779661017532e-01
9.677419354838710797e-02
1.649484536082474473e-01
4.578313253012048639e-02
1.183673469387754862e-01
6.896551724137924833e-01
2.857142857142856984e-01
3.433476394849785396e-02
8.783783783783784271e-02
1.469194312796208712e-01
1.183673469387754862e-01
3.433476394849785396e-02
1.864406779661017532e-01
1.315789473684210453e-01
1.068702290076336131e-01
5.025125628140703071e-02
2.124999999999999389e-01
1.315789473684210453e-01
1.469194312796208712e-01
7.987220447284344715e-02
1.183673469387754862e-01
5.025125628140703071e-02
1.649484536082474473e-01
4.578313253012048639e-02
9.677419354838710797e-02
3.433476394849785396e-02
1.649484536082474473e-01
1.183673469387754862e-01
1.864406779661017532e-01
1.469194312796208712e-01
3.786191536748329672e-02
8.783783783783784271e-02
8.783783783783784271e-02
4.578313253012048639e-02
1.183673469387754862e-01
1.183673469387754862e-01
3.786191536748329672e-02
1.469194312796208712e-01
1.315789473684210453e-01
7.272727272727270986e-02
4.578313253012048639e-02
1.068702290076336131e-01
7.987220447284344715e-02
8.783783783783784271e-02
4.166666666666667129e-02
1.469194312796208712e-01
6.628242074927954974e-02
9.677419354838710797e-02
9.677419354838710797e-02
1.183673469387754862e-01
3.105590062111800512e-02
5.025125628140703071e-02
1.183673469387754862e-01
6.628242074927954974e-02
1.649484536082474473e-01
1.068702290076336131e-01
3.105590062111800512e-02
3.786191536748329672e-02
1.068702290076336131e-01
9.677419354838710797e-02
7.987220447284344715e-02
1.068702290076336131e-01
3.786191536748329672e-02
1.864406779661017532e-01
2.124999999999999389e-01
1.469194312796208712e-01
4.166666666666667129e-02
8.783783783783784271e-02
7.987220447284344715e-02
1.649484536082474473e-01
5.025125628140703071e-02
3.105590062111800512e-02
1.068702290076336131e-01
1.469194312796208712e-01
1.183673469387754862e-01
1.538461538461538720e-02
7.272727272727270986e-02
3.433476394849785396e-02
1.315789473684210453e-01
4.578313253012048639e-02
1.315789473684210453e-01
1.315789473684210453e-01
1.760563380281689877e-02
2.124999999999999389e-01
1.864406779661017532e-01
2.800000000000000405e-02
1.068702290076336131e-01
1.183673469387754862e-01
6.628242074927954974e-02
1.183673469387754862e-01
1.183673469387754862e-01
7.272727272727270986e-02
1.649484536082474473e-01
1.649484536082474473e-01
1.649484536082474473e-01
1.469194312796208712e-01
4.578313253012048639e-02
3.105590062111800512e-02
3.786191536748329672e-02
1.068702290076336131e-01
4.578313253012048639e-02
3.105590062111800512e-02
1.469194312796208712e-01
5.025125628140703071e-02
5.025125628140703071e-02
4.578313253012048639e-02
9.677419354838710797e-02
1.183673469387754862e-01
2.857142857142856984e-01
1.649484536082474473e-01
1.864406779661017532e-01
9.677419354838710797e-02
3.105590062111800512e-02
4.166666666666667129e-02
1.315789473684210453e-01
1.068702290076336131e-01
5.511811023622047168e-02
1.864406779661017532e-01
8.783783783783784271e-02
3.433476394849785396e-02
1.183673469387754862e-01
6.628242074927954974e-02
2.124999999999999389e-01
3.105590062111800512e-02
8.783783783783784271e-02
1.315789473684210453e-01
2.800000000000000405e-02
7.987220447284344715e-02
4.166666666666667129e-02
1.183673469387754862e-01
2.124999999999999389e-01
2.800000000000000405e-02
9.677419354838710797e-02
7.272727272727270986e-02
7.987220447284344715e-02
2.124999999999999389e-01
7.987220447284344715e-02
5.025125628140703071e-02
7.272727272727270986e-02
2.447552447552447108e-01
1.183673469387754862e-01
6.628242074927954974e-02
1.068702290076336131e-01
8.783783783783784271e-02
9.677419354838710797e-02
6.043956043956044688e-02
2.514506769825918669e-02
5.025125628140703071e-02
7.987220447284344715e-02
3.105590062111800512e-02
2.124999999999999389e-01
1.068702290076336131e-01
3.433476394849785396e-02
1.469194312796208712e-01
1.183673469387754862e-01
1.649484536082474473e-01
2.514506769825918669e-02
7.987220447284344715e-02
1.183673469387754862e-01
1.469194312796208712e-01
1.469194312796208712e-01
1.183673469387754862e-01
3.433476394849785396e-02
3.105590062111800512e-02
4.578313253012048639e-02
4.578313253012048639e-02
2.124999999999999389e-01
3.105590062111800512e-02
1.469194312796208712e-01
9.677419354838710797e-02
7.987220447284344715e-02
2.124999999999999389e-01
1.649484536082474473e-01
1.315789473684210453e-01
8.783783783783784271e-02
8.783783783783784271e-02
1.068702290076336131e-01
2.447552447552447108e-01
1.068702290076336131e-01
3.105590062111800512e-02
4.166666666666667129e-02
6.628242074927954974e-02
4.578313253012048639e-02
1.649484536082474473e-01
7.987220447284344715e-02
7.272727272727270986e-02
1.864406779661017532e-01
2.447552447552447108e-01
1.996370235934664256e-02
9.677419354838710797e-02
1.068702290076336131e-01
4.166666666666667129e-02
1.183673469387754862e-01
5.511811023622047168e-02
1.469194312796208712e-01
1.315789473684210453e-01
2.800000000000000405e-02
1.864406779661017532e-01
4.166666666666667129e-02
1.068702290076336131e-01
1.183673469387754862e-01
4.578313253012048639e-02
1.183673469387754862e-01
3.433476394849785396e-02
1.469194312796208712e-01
2.447552447552447108e-01
1.864406779661017532e-01
1.469194312796208712e-01
4.578313253012048639e-02
1.183673469387754862e-01
4.166666666666667129e-02
2.124999999999999389e-01
9.677419354838710797e-02
1.315789473684210453e-01
4.166666666666667129e-02
2.124999999999999389e-01
9.677419354838710797e-02
1.183673469387754862e-01
3.786191536748329672e-02
3.786191536748329672e-02
9.677419354838710797e-02
