2.380952380952381167e-02
7.494646680942183836e-02
2.571041948579160658e-02
1.401273885350318438e-01
1.047120418848167117e-01
7.494646680942183836e-02
4.193548387096773800e-02
2.380952380952381167e-02
6.177606177606177751e-02
1.047120418848167117e-01
2.571041948579160658e-02
6.586826347305388407e-02
7.024793388429752261e-02
9.134615384615381306e-02
5.434782608695652023e-02
1.401273885350318438e-01
2.978723404255319285e-02
3.427719821162444197e-02
3.669724770642202039e-02
2.770083102493074712e-02
4.477611940298506510e-02
1.047120418848167117e-01
1.515151515151514638e-01
7.024793388429752261e-02
3.924646781789638966e-02
1.398601398601398774e-02
1.401273885350318438e-01
2.139737991266375816e-01
3.669724770642202039e-02
1.299093655589123597e-01
1.299093655589123597e-01
5.096660808435852369e-02
4.477611940298506510e-02
3.197674418604651292e-02
3.427719821162444197e-02
4.477611940298506510e-02
5.096660808435852369e-02
1.299093655589123597e-01
8.000000000000001554e-02
1.123287671232876955e-01
7.024793388429752261e-02
7.024793388429752261e-02
1.401273885350318438e-01
6.586826347305388407e-02
2.921348314606740382e-01
4.778156996587031025e-02
2.978723404255319285e-02
1.787072243346007061e-01
4.477611940298506510e-02
9.134615384615381306e-02
1.123287671232876955e-01
2.358490566037735048e-01
9.774436090225561979e-02
4.477611940298506510e-02
1.047120418848167117e-01
1.206896551724137845e-01
1.299093655589123597e-01
5.794392523364486070e-02
2.571041948579160658e-02
7.024793388429752261e-02
1.858736059479553990e-02
3.924646781789638966e-02
9.134615384615381306e-02
5.096660808435852369e-02
3.669724770642202039e-02
1.047120418848167117e-01
8.000000000000001554e-02
9.774436090225561979e-02
6.177606177606177751e-02
6.129032258064514016e-01
1.401273885350318438e-01
1.699029126213592172e-02
1.299093655589123597e-01
2.571041948579160658e-02
2.358490566037735048e-01
8.545034642032331429e-02
2.139737991266375816e-01
2.199223803363518914e-02
1.951219512195121741e-01
7.024793388429752261e-02
3.924646781789638966e-02
2.025316455696202916e-02
1.401273885350318438e-01
1.206896551724137845e-01
4.477611940298506510e-02
6.586826347305388407e-02
4.477611940298506510e-02
3.669724770642202039e-02
3.291925465838509424e-01
7.024793388429752261e-02
2.770083102493074712e-02
2.770083102493074712e-02
1.206896551724137845e-01
1.299093655589123597e-01
9.774436090225561979e-02
7.024793388429752261e-02
9.774436090225561979e-02
1.299093655589123597e-01
1.123287671232876955e-01
7.024793388429752261e-02
5.434782608695652023e-02
7.494646680942183836e-02
4.477611940298506510e-02
9.774436090225561979e-02
5.794392523364486070e-02
1.642857142857142849e-01
1.545778834720570698e-02
1.787072243346007061e-01
4.477611940298506510e-02
8.000000000000001554e-02
8.545034642032331429e-02
1.206896551724137845e-01
6.177606177606177751e-02
5.794392523364486070e-02
5.434782608695652023e-02
9.134615384615381306e-02
3.924646781789638966e-02
1.047120418848167117e-01
1.515151515151514638e-01
5.096660808435852369e-02
3.669724770642202039e-02
1.047120418848167117e-01
1.515151515151514638e-01
1.299093655589123597e-01
5.794392523364486070e-02
2.571041948579160658e-02
1.047120418848167117e-01
4.778156996587031025e-02
1.401273885350318438e-01
4.477611940298506510e-02
3.669724770642202039e-02
9.774436090225561979e-02
3.669724770642202039e-02
8.545034642032331429e-02
1.047120418848167117e-01
3.197674418604651292e-02
1.206896551724137845e-01
5.434782608695652023e-02
9.134615384615381306e-02
3.427719821162444197e-02
3.291925465838509424e-01
5.434782608695652023e-02
1.642857142857142849e-01
2.139737991266375816e-01
1.299093655589123597e-01
3.669724770642202039e-02
7.494646680942183836e-02
8.545034642032331429e-02
1.642857142857142849e-01
2.380952380952381167e-02
6.586826347305388407e-02
1.047120418848167117e-01
2.571041948579160658e-02
7.024793388429752261e-02
5.096660808435852369e-02
3.924646781789638966e-02
4.778156996587031025e-02
3.197674418604651292e-02
3.924646781789638966e-02
2.978723404255319285e-02
4.477611940298506510e-02
1.858736059479553990e-02
6.177606177606177751e-02
3.427719821162444197e-02
6.586826347305388407e-02
6.177606177606177751e-02
8.000000000000001554e-02
4.193548387096773800e-02
1.047120418848167117e-01
4.477611940298506510e-02
1.047120418848167117e-01
3.924646781789638966e-02
1.515151515151514638e-01
1.642857142857142849e-01
5.794392523364486070e-02
4.778156996587031025e-02
3.669724770642202039e-02
1.951219512195121741e-01
6.177606177606177751e-02
3.669724770642202039e-02
2.978723404255319285e-02
4.477611940298506510e-02
2.139737991266375816e-01
1.642857142857142849e-01
5.794392523364486070e-02
3.427719821162444197e-02
6.586826347305388407e-02
4.778156996587031025e-02
4.477611940298506510e-02
1.787072243346007061e-01
4.778156996587031025e-02
4.477611940298506510e-02
5.794392523364486070e-02
6.586826347305388407e-02
1.047120418848167117e-01
1.515151515151514638e-01
5.434782608695652023e-02
5.794392523364486070e-02
1.515151515151514638e-01
1.951219512195121741e-01
6.177606177606177751e-02
6.177606177606177751e-02
7.494646680942183836e-02
1.401273885350318438e-01
6.177606177606177751e-02
5.794392523364486070e-02
6.177606177606177751e-02
6.177606177606177751e-02
6.586826347305388407e-02
6.586826347305388407e-02
1.047120418848167117e-01
4.477611940298506510e-02
5.794392523364486070e-02
6.177606177606177751e-02
1.299093655589123597e-01
7.024793388429752261e-02
9.134615384615381306e-02
4.193548387096773800e-02
2.139737991266375816e-01
3.669724770642202039e-02
6.586826347305388407e-02
5.096660808435852369e-02
3.669724770642202039e-02
3.924646781789638966e-02
9.134615384615381306e-02
4.193548387096773800e-02
1.858736059479553990e-02
3.924646781789638966e-02
3.291925465838509424e-01
3.924646781789638966e-02
3.197674418604651292e-02
7.494646680942183836e-02
1.123287671232876955e-01
8.545034642032331429e-02
1.515151515151514638e-01
5.096660808435852369e-02
9.774436090225561979e-02
8.000000000000001554e-02
1.047120418848167117e-01
1.401273885350318438e-01
4.477611940298506510e-02
3.669724770642202039e-02
3.427719821162444197e-02
3.924646781789638966e-02
2.921348314606740382e-01
1.515151515151514638e-01
1.299093655589123597e-01
6.177606177606177751e-02
1.047120418848167117e-01
2.025316455696202916e-02
1.642857142857142849e-01
6.586826347305388407e-02
3.427719821162444197e-02
2.571041948579160658e-02
4.778156996587031025e-02
4.193548387096773800e-02
1.123287671232876955e-01
3.427719821162444197e-02
6.177606177606177751e-02
5.096660808435852369e-02
7.024793388429752261e-02
1.123287671232876955e-01
5.434782608695652023e-02
1.398601398601398774e-02
4.330708661417321803e-01
1.299093655589123597e-01
1.642857142857142849e-01
1.642857142857142849e-01
7.024793388429752261e-02
7.024793388429752261e-02
4.477611940298506510e-02
6.129032258064514016e-01
3.197674418604651292e-02
1.299093655589123597e-01
6.586826347305388407e-02
3.427719821162444197e-02
2.199223803363518914e-02
2.380952380952381167e-02
1.047120418848167117e-01
1.047120418848167117e-01
9.134615384615381306e-02
1.787072243346007061e-01
3.197674418604651292e-02
1.047120418848167117e-01
4.477611940298506510e-02
3.427719821162444197e-02
5.794392523364486070e-02
9.774436090225561979e-02
4.193548387096773800e-02
1.401273885350318438e-01
5.794392523364486070e-02
8.545034642032331429e-02
3.291925465838509424e-01
5.096660808435852369e-02
9.774436090225561979e-02
1.206896551724137845e-01
6.177606177606177751e-02
3.427719821162444197e-02
5.096660808435852369e-02
8.000000000000001554e-02
8.000000000000001554e-02
1.401273885350318438e-01
9.774436090225561979e-02
5.096660808435852369e-02
9.774436090225561979e-02
5.096660808435852369e-02
4.778156996587031025e-02
8.000000000000001554e-02
9.134615384615381306e-02
1.951219512195121741e-01
6.586826347305388407e-02
1.206896551724137845e-01
3.197674418604651292e-02
4.193548387096773800e-02
2.978723404255319285e-02
5.794392523364486070e-02
3.197674418604651292e-02
2.571041948579160658e-02
1.401273885350318438e-01
9.774436090225561979e-02
1.299093655589123597e-01
6.586826347305388407e-02
4.778156996587031025e-02
1.401273885350318438e-01
9.774436090225561979e-02
5.434782608695652023e-02
1.515151515151514638e-01
8.545034642032331429e-02
2.571041948579160658e-02
6.177606177606177751e-02
9.134615384615381306e-02
7.494646680942183836e-02
1.299093655589123597e-01
3.924646781789638966e-02
8.545034642032331429e-02
1.699029126213592172e-02
1.642857142857142849e-01
1.047120418848167117e-01
7.024793388429752261e-02
7.494646680942183836e-02
6.586826347305388407e-02
6.586826347305388407e-02
4.477611940298506510e-02
8.000000000000001554e-02
2.571041948579160658e-02
6.586826347305388407e-02
3.197674418604651292e-02
3.749999999999997780e-01
1.206896551724137845e-01
4.193548387096773800e-02
3.924646781789638966e-02
8.000000000000001554e-02
1.401273885350318438e-01
5.794392523364486070e-02
2.770083102493074712e-02
1.123287671232876955e-01
1.515151515151514638e-01
2.571041948579160658e-02
1.951219512195121741e-01
7.024793388429752261e-02
6.177606177606177751e-02
2.571041948579160658e-02
1.299093655589123597e-01
1.047120418848167117e-01
7.494646680942183836e-02
3.669724770642202039e-02
9.134615384615381306e-02
7.024793388429752261e-02
5.794392523364486070e-02
7.494646680942183836e-02
1.047120418848167117e-01
9.134615384615381306e-02
1.123287671232876955e-01
3.669724770642202039e-02
8.545034642032331429e-02
5.794392523364486070e-02
8.000000000000001554e-02
1.047120418848167117e-01
5.794392523364486070e-02
2.025316455696202916e-02
2.978723404255319285e-02
1.123287671232876955e-01
1.515151515151514638e-01
2.139737991266375816e-01
9.774436090225561979e-02
2.380952380952381167e-02
8.545034642032331429e-02
2.978723404255319285e-02
8.000000000000001554e-02
3.924646781789638966e-02
3.197674418604651292e-02
9.774436090225561979e-02
1.951219512195121741e-01
1.257142857142857194e-02
7.024793388429752261e-02
4.477611940298506510e-02
3.197674418604651292e-02
7.024793388429752261e-02
6.586826347305388407e-02
1.401273885350318438e-01
2.571041948579160658e-02
3.197674418604651292e-02
5.434782608695652023e-02
9.774436090225561979e-02
2.139737991266375816e-01
7.024793388429752261e-02
5.096660808435852369e-02
8.000000000000001554e-02
3.924646781789638966e-02
8.000000000000001554e-02
2.770083102493074712e-02
2.978723404255319285e-02
1.206896551724137845e-01
5.096660808435852369e-02
1.123287671232876955e-01
5.794392523364486070e-02
7.631578947368423682e-01
1.642857142857142849e-01
2.199223803363518914e-02
7.024793388429752261e-02
8.545034642032331429e-02
3.197674418604651292e-02
7.024793388429752261e-02
1.951219512195121741e-01
1.047120418848167117e-01
1.515151515151514638e-01
9.774436090225561979e-02
2.139737991266375816e-01
1.401273885350318438e-01
2.571041948579160658e-02
1.401273885350318438e-01
2.978723404255319285e-02
9.134615384615381306e-02
2.380952380952381167e-02
2.380952380952381167e-02
9.134615384615381306e-02
3.749999999999997780e-01
3.924646781789638966e-02
2.770083102493074712e-02
5.096660808435852369e-02
3.924646781789638966e-02
2.025316455696202916e-02
8.545034642032331429e-02
4.477611940298506510e-02
8.545034642032331429e-02
2.978723404255319285e-02
1.787072243346007061e-01
9.134615384615381306e-02
1.123287671232876955e-01
1.047120418848167117e-01
6.586826347305388407e-02
1.401273885350318438e-01
9.134615384615381306e-02
2.978723404255319285e-02
6.586826347305388407e-02
7.024793388429752261e-02
2.571041948579160658e-02
1.047120418848167117e-01
1.401273885350318438e-01
1.515151515151514638e-01
4.193548387096773800e-02
1.642857142857142849e-01
1.642857142857142849e-01
1.642857142857142849e-01
1.206896551724137845e-01
6.177606177606177751e-02
1.858736059479553990e-02
2.571041948579160658e-02
1.951219512195121741e-01
5.434782608695652023e-02
7.024793388429752261e-02
2.615384615384615530e-01
4.477611940298506510e-02
3.669724770642202039e-02
3.197674418604651292e-02
4.193548387096773800e-02
6.177606177606177751e-02
1.401273885350318438e-01
1.123287671232876955e-01
2.139737991266375816e-01
4.778156996587031025e-02
5.096660808435852369e-02
8.545034642032331429e-02
5.434782608695652023e-02
1.123287671232876955e-01
1.401273885350318438e-01
1.123287671232876955e-01
3.924646781789638966e-02
1.123287671232876955e-01
4.477611940298506510e-02
9.134615384615381306e-02
1.206896551724137845e-01
7.494646680942183836e-02
3.924646781789638966e-02
7.494646680942183836e-02
2.571041948579160658e-02
6.177606177606177751e-02
7.631578947368423682e-01
3.924646781789638966e-02
5.096660808435852369e-02
1.787072243346007061e-01
3.924646781789638966e-02
6.586826347305388407e-02
6.177606177606177751e-02
8.000000000000001554e-02
8.545034642032331429e-02
7.024793388429752261e-02
6.177606177606177751e-02
1.787072243346007061e-01
3.924646781789638966e-02
4.778156996587031025e-02
1.123287671232876955e-01
7.024793388429752261e-02
1.515151515151514638e-01
5.096660808435852369e-02
1.299093655589123597e-01
1.642857142857142849e-01
1.047120418848167117e-01
5.096660808435852369e-02
1.047120418848167117e-01
3.427719821162444197e-02
2.571041948579160658e-02
1.123287671232876955e-01
5.794392523364486070e-02
3.749999999999997780e-01
9.774436090225561979e-02
9.774436090225561979e-02
9.774436090225561979e-02
5.434782608695652023e-02
4.778156996587031025e-02
5.794392523364486070e-02
3.924646781789638966e-02
7.024793388429752261e-02
1.299093655589123597e-01
6.177606177606177751e-02
1.787072243346007061e-01
1.299093655589123597e-01
7.024793388429752261e-02
1.047120418848167117e-01
9.134615384615381306e-02
3.427719821162444197e-02
4.477611940298506510e-02
2.770083102493074712e-02
2.571041948579160658e-02
3.669724770642202039e-02
1.787072243346007061e-01
9.134615384615381306e-02
6.177606177606177751e-02
1.398601398601398774e-02
3.291925465838509424e-01
3.924646781789638966e-02
1.206896551724137845e-01
1.206896551724137845e-01
5.794392523364486070e-02
9.134615384615381306e-02
9.774436090225561979e-02
5.096660808435852369e-02
7.024793388429752261e-02
1.951219512195121741e-01
3.669724770642202039e-02
1.047120418848167117e-01
9.774436090225561979e-02
5.090909090909092605e-01
2.978723404255319285e-02
9.774436090225561979e-02
2.978723404255319285e-02
3.924646781789638966e-02
1.047120418848167117e-01
1.047120418848167117e-01
3.427719821162444197e-02
4.193548387096773800e-02
3.749999999999997780e-01
6.177606177606177751e-02
1.047120418848167117e-01
1.642857142857142849e-01
3.427719821162444197e-02
4.778156996587031025e-02
6.586826347305388407e-02
6.177606177606177751e-02
1.787072243346007061e-01
1.206896551724137845e-01
3.197674418604651292e-02
2.571041948579160658e-02
1.642857142857142849e-01
4.477611940298506510e-02
3.924646781789638966e-02
4.193548387096773800e-02
4.778156996587031025e-02
1.206896551724137845e-01
8.545034642032331429e-02
2.615384615384615530e-01
1.401273885350318438e-01
4.193548387096773800e-02
7.024793388429752261e-02
3.924646781789638966e-02
5.794392523364486070e-02
1.401273885350318438e-01
1.123287671232876955e-01
5.096660808435852369e-02
4.477611940298506510e-02
1.642857142857142849e-01
1.545778834720570698e-02
3.749999999999997780e-01
4.778156996587031025e-02
2.571041948579160658e-02
6.177606177606177751e-02
1.123287671232876955e-01
4.477611940298506510e-02
1.699029126213592172e-02
3.197674418604651292e-02
5.096660808435852369e-02
9.134615384615381306e-02
6.177606177606177751e-02
1.206896551724137845e-01
4.193548387096773800e-02
6.177606177606177751e-02
2.978723404255319285e-02
1.951219512195121741e-01
2.025316455696202916e-02
2.139737991266375816e-01
1.401273885350318438e-01
1.858736059479553990e-02
2.025316455696202916e-02
3.924646781789638966e-02
8.000000000000001554e-02
2.380952380952381167e-02
1.401273885350318438e-01
3.197674418604651292e-02
7.494646680942183836e-02
1.123287671232876955e-01
5.096660808435852369e-02
6.586826347305388407e-02
6.586826347305388407e-02
1.787072243346007061e-01
4.477611940298506510e-02
1.206896551724137845e-01
1.515151515151514638e-01
1.206896551724137845e-01
2.770083102493074712e-02
1.642857142857142849e-01
1.951219512195121741e-01
1.123287671232876955e-01
9.774436090225561979e-02
6.586826347305388407e-02
1.787072243346007061e-01
9.134615384615381306e-02
1.401273885350318438e-01
3.427719821162444197e-02
8.545034642032331429e-02
9.774436090225561979e-02
4.330708661417321803e-01
1.047120418848167117e-01
1.858736059479553990e-02
3.669724770642202039e-02
9.774436090225561979e-02
2.380952380952381167e-02
1.299093655589123597e-01
2.139737991266375816e-01
3.427719821162444197e-02
1.515151515151514638e-01
2.770083102493074712e-02
1.401273885350318438e-01
1.047120418848167117e-01
3.197674418604651292e-02
2.380952380952381167e-02
1.299093655589123597e-01
2.615384615384615530e-01
1.123287671232876955e-01
1.206896551724137845e-01
3.291925465838509424e-01
7.494646680942183836e-02
4.477611940298506510e-02
8.000000000000001554e-02
8.545034642032331429e-02
6.177606177606177751e-02
3.669724770642202039e-02
9.774436090225561979e-02
7.494646680942183836e-02
1.206896551724137845e-01
2.571041948579160658e-02
1.047120418848167117e-01
3.669724770642202039e-02
4.778156996587031025e-02
2.770083102493074712e-02
9.774436090225561979e-02
8.545034642032331429e-02
7.494646680942183836e-02
9.134615384615381306e-02
9.134615384615381306e-02
1.123287671232876955e-01
1.642857142857142849e-01
2.571041948579160658e-02
1.515151515151514638e-01
9.134615384615381306e-02
1.123287671232876955e-01
6.586826347305388407e-02
3.749999999999997780e-01
3.924646781789638966e-02
4.477611940298506510e-02
4.193548387096773800e-02
3.669724770642202039e-02
8.000000000000001554e-02
9.134615384615381306e-02
1.642857142857142849e-01
1.123287671232876955e-01
1.401273885350318438e-01
1.401273885350318438e-01
4.193548387096773800e-02
5.096660808435852369e-02
3.197674418604651292e-02
6.177606177606177751e-02
1.299093655589123597e-01
6.586826347305388407e-02
5.794392523364486070e-02
3.669724770642202039e-02
3.427719821162444197e-02
2.199223803363518914e-02
2.770083102493074712e-02
6.177606177606177751e-02
1.299093655589123597e-01
7.494646680942183836e-02
8.545034642032331429e-02
8.545034642032331429e-02
1.858736059479553990e-02
1.299093655589123597e-01
4.778156996587031025e-02
4.477611940298506510e-02
8.545034642032331429e-02
5.794392523364486070e-02
6.129032258064514016e-01
2.978723404255319285e-02
4.193548387096773800e-02
2.025316455696202916e-02
7.024793388429752261e-02
1.123287671232876955e-01
1.047120418848167117e-01
2.199223803363518914e-02
1.047120418848167117e-01
2.615384615384615530e-01
5.434782608695652023e-02
1.515151515151514638e-01
1.206896551724137845e-01
8.000000000000001554e-02
1.951219512195121741e-01
5.096660808435852369e-02
1.951219512195121741e-01
9.134615384615381306e-02
1.206896551724137845e-01
9.134615384615381306e-02
3.427719821162444197e-02
1.401273885350318438e-01
2.380952380952381167e-02
1.206896551724137845e-01
3.427719821162444197e-02
2.770083102493074712e-02
4.778156996587031025e-02
6.586826347305388407e-02
1.951219512195121741e-01
6.177606177606177751e-02
1.047120418848167117e-01
6.129032258064514016e-01
7.024793388429752261e-02
5.794392523364486070e-02
1.299093655589123597e-01
4.778156996587031025e-02
1.787072243346007061e-01
2.921348314606740382e-01
8.545034642032331429e-02
1.206896551724137845e-01
4.778156996587031025e-02
7.494646680942183836e-02
4.477611940298506510e-02
7.024793388429752261e-02
8.545034642032331429e-02
9.774436090225561979e-02
2.380952380952381167e-02
3.924646781789638966e-02
2.025316455696202916e-02
9.134615384615381306e-02
1.858736059479553990e-02
4.778156996587031025e-02
1.206896551724137845e-01
2.571041948579160658e-02
1.206896551724137845e-01
1.401273885350318438e-01
6.586826347305388407e-02
2.199223803363518914e-02
3.924646781789638966e-02
1.401273885350318438e-01
1.299093655589123597e-01
1.515151515151514638e-01
1.299093655589123597e-01
1.951219512195121741e-01
2.571041948579160658e-02
2.025316455696202916e-02
5.096660808435852369e-02
3.197674418604651292e-02
7.024793388429752261e-02
1.787072243346007061e-01
3.924646781789638966e-02
1.515151515151514638e-01
6.586826347305388407e-02
5.096660808435852369e-02
7.024793388429752261e-02
8.000000000000001554e-02
1.299093655589123597e-01
2.025316455696202916e-02
7.494646680942183836e-02
3.924646781789638966e-02
1.642857142857142849e-01
1.515151515151514638e-01
5.090909090909092605e-01
6.129032258064514016e-01
1.047120418848167117e-01
9.134615384615381306e-02
3.197674418604651292e-02
5.434782608695652023e-02
4.193548387096773800e-02
8.000000000000001554e-02
2.978723404255319285e-02
9.774436090225561979e-02
3.197674418604651292e-02
2.770083102493074712e-02
1.047120418848167117e-01
4.477611940298506510e-02
5.434782608695652023e-02
8.000000000000001554e-02
9.134615384615381306e-02
5.794392523364486070e-02
2.139737991266375816e-01
4.193548387096773800e-02
1.047120418848167117e-01
8.000000000000001554e-02
5.090909090909092605e-01
1.299093655589123597e-01
1.123287671232876955e-01
5.794392523364486070e-02
4.778156996587031025e-02
1.515151515151514638e-01
1.047120418848167117e-01
8.545034642032331429e-02
2.139737991266375816e-01
2.571041948579160658e-02
1.206896551724137845e-01
7.024793388429752261e-02
5.794392523364486070e-02
1.787072243346007061e-01
4.477611940298506510e-02
1.401273885350318438e-01
3.197674418604651292e-02
1.642857142857142849e-01
8.000000000000001554e-02
3.669724770642202039e-02
8.545034642032331429e-02
2.978723404255319285e-02
5.096660808435852369e-02
1.787072243346007061e-01
5.794392523364486070e-02
1.515151515151514638e-01
3.924646781789638966e-02
2.380952380952381167e-02
2.978723404255319285e-02
5.794392523364486070e-02
1.047120418848167117e-01
8.545034642032331429e-02
2.571041948579160658e-02
4.193548387096773800e-02
3.427719821162444197e-02
2.978723404255319285e-02
3.197674418604651292e-02
1.123287671232876955e-01
1.515151515151514638e-01
5.794392523364486070e-02
8.000000000000001554e-02
1.206896551724137845e-01
5.096660808435852369e-02
4.778156996587031025e-02
8.000000000000001554e-02
4.330708661417321803e-01
1.047120418848167117e-01
5.794392523364486070e-02
3.669724770642202039e-02
3.427719821162444197e-02
1.206896551724137845e-01
2.380952380952381167e-02
1.401273885350318438e-01
3.427719821162444197e-02
7.494646680942183836e-02
7.024793388429752261e-02
1.515151515151514638e-01
6.129032258064514016e-01
1.123287671232876955e-01
1.787072243346007061e-01
1.047120418848167117e-01
6.177606177606177751e-02
1.123287671232876955e-01
2.380952380952381167e-02
1.951219512195121741e-01
6.177606177606177751e-02
3.197674418604651292e-02
2.571041948579160658e-02
3.197674418604651292e-02
8.545034642032331429e-02
1.951219512195121741e-01
1.951219512195121741e-01
9.774436090225561979e-02
1.515151515151514638e-01
3.924646781789638966e-02
4.193548387096773800e-02
9.134615384615381306e-02
1.515151515151514638e-01
8.000000000000001554e-02
1.123287671232876955e-01
5.434782608695652023e-02
1.515151515151514638e-01
1.515151515151514638e-01
1.123287671232876955e-01
4.477611940298506510e-02
9.134615384615381306e-02
2.571041948579160658e-02
7.024793388429752261e-02
1.787072243346007061e-01
4.778156996587031025e-02
4.778156996587031025e-02
1.299093655589123597e-01
5.090909090909092605e-01
1.642857142857142849e-01
8.000000000000001554e-02
3.197674418604651292e-02
8.000000000000001554e-02
4.193548387096773800e-02
2.615384615384615530e-01
2.770083102493074712e-02
1.123287671232876955e-01
2.571041948579160658e-02
8.545034642032331429e-02
1.047120418848167117e-01
5.794392523364486070e-02
1.299093655589123597e-01
4.477611940298506510e-02
2.978723404255319285e-02
6.177606177606177751e-02
6.177606177606177751e-02
1.642857142857142849e-01
5.794392523364486070e-02
8.000000000000001554e-02
6.586826347305388407e-02
1.699029126213592172e-02
9.774436090225561979e-02
1.642857142857142849e-01
3.427719821162444197e-02
2.139737991266375816e-01
1.299093655589123597e-01
1.515151515151514638e-01
2.571041948579160658e-02
1.047120418848167117e-01
6.177606177606177751e-02
1.299093655589123597e-01
7.024793388429752261e-02
9.134615384615381306e-02
3.197674418604651292e-02
1.515151515151514638e-01
1.206896551724137845e-01
9.134615384615381306e-02
1.123287671232876955e-01
1.123287671232876955e-01
2.358490566037735048e-01
2.770083102493074712e-02
6.177606177606177751e-02
4.477611940298506510e-02
2.571041948579160658e-02
1.401273885350318438e-01
1.642857142857142849e-01
8.545034642032331429e-02
1.206896551724137845e-01
6.586826347305388407e-02
1.047120418848167117e-01
3.197674418604651292e-02
4.477611940298506510e-02
2.199223803363518914e-02
1.299093655589123597e-01
3.924646781789638966e-02
1.401273885350318438e-01
4.477611940298506510e-02
1.858736059479553990e-02
6.586826347305388407e-02
5.794392523364486070e-02
6.177606177606177751e-02
7.024793388429752261e-02
2.199223803363518914e-02
1.642857142857142849e-01
2.978723404255319285e-02
1.642857142857142849e-01
1.206896551724137845e-01
4.778156996587031025e-02
2.199223803363518914e-02
9.774436090225561979e-02
3.197674418604651292e-02
1.123287671232876955e-01
3.924646781789638966e-02
4.193548387096773800e-02
8.545034642032331429e-02
8.545034642032331429e-02
1.515151515151514638e-01
7.494646680942183836e-02
5.794392523364486070e-02
1.206896551724137845e-01
1.047120418848167117e-01
5.096660808435852369e-02
7.024793388429752261e-02
1.642857142857142849e-01
9.774436090225561979e-02
3.427719821162444197e-02
9.774436090225561979e-02
8.000000000000001554e-02
6.177606177606177751e-02
1.515151515151514638e-01
1.642857142857142849e-01
3.924646781789638966e-02
3.924646781789638966e-02
5.434782608695652023e-02
7.494646680942183836e-02
3.197674418604651292e-02
5.096660808435852369e-02
6.177606177606177751e-02
1.047120418848167117e-01
1.047120418848167117e-01
1.206896551724137845e-01
5.434782608695652023e-02
3.291925465838509424e-01
3.669724770642202039e-02
1.047120418848167117e-01
1.642857142857142849e-01
4.778156996587031025e-02
3.197674418604651292e-02
2.199223803363518914e-02
4.477611940298506510e-02
3.924646781789638966e-02
6.586826347305388407e-02
3.197674418604651292e-02
5.794392523364486070e-02
4.477611940298506510e-02
3.197674418604651292e-02
1.401273885350318438e-01
8.000000000000001554e-02
7.494646680942183836e-02
1.951219512195121741e-01
2.921348314606740382e-01
9.774436090225561979e-02
1.123287671232876955e-01
3.749999999999997780e-01
1.515151515151514638e-01
1.787072243346007061e-01
7.024793388429752261e-02
1.299093655589123597e-01
6.586826347305388407e-02
1.858736059479553990e-02
4.477611940298506510e-02
5.794392523364486070e-02
4.778156996587031025e-02
3.924646781789638966e-02
9.134615384615381306e-02
3.197674418604651292e-02
3.669724770642202039e-02
3.669724770642202039e-02
6.177606177606177751e-02
4.778156996587031025e-02
2.380952380952381167e-02
2.139737991266375816e-01
2.770083102493074712e-02
4.778156996587031025e-02
2.770083102493074712e-02
4.477611940298506510e-02
1.951219512195121741e-01
8.545034642032331429e-02
1.545778834720570698e-02
1.401273885350318438e-01
1.401273885350318438e-01
6.177606177606177751e-02
3.924646781789638966e-02
2.770083102493074712e-02
4.477611940298506510e-02
6.586826347305388407e-02
3.924646781789638966e-02
8.000000000000001554e-02
1.642857142857142849e-01
1.047120418848167117e-01
4.193548387096773800e-02
1.206896551724137845e-01
7.494646680942183836e-02
1.642857142857142849e-01
2.770083102493074712e-02
5.434782608695652023e-02
9.774436090225561979e-02
4.193548387096773800e-02
2.199223803363518914e-02
3.427719821162444197e-02
5.434782608695652023e-02
9.134615384615381306e-02
1.515151515151514638e-01
7.494646680942183836e-02
7.024793388429752261e-02
2.571041948579160658e-02
1.206896551724137845e-01
7.494646680942183836e-02
2.358490566037735048e-01
5.794392523364486070e-02
9.134615384615381306e-02
1.951219512195121741e-01
3.924646781789638966e-02
2.358490566037735048e-01
1.787072243346007061e-01
4.778156996587031025e-02
2.025316455696202916e-02
9.774436090225561979e-02
1.123287671232876955e-01
4.778156996587031025e-02
3.669724770642202039e-02
3.427719821162444197e-02
7.024793388429752261e-02
1.642857142857142849e-01
8.545034642032331429e-02
1.047120418848167117e-01
3.197674418604651292e-02
8.000000000000001554e-02
5.794392523364486070e-02
4.778156996587031025e-02
9.134615384615381306e-02
8.000000000000001554e-02
8.000000000000001554e-02
7.024793388429752261e-02
1.787072243346007061e-01
9.134615384615381306e-02
1.515151515151514638e-01
1.299093655589123597e-01
1.515151515151514638e-01
1.206896551724137845e-01
8.545034642032331429e-02
3.669724770642202039e-02
4.193548387096773800e-02
4.330708661417321803e-01
7.494646680942183836e-02
4.477611940298506510e-02
1.787072243346007061e-01
1.401273885350318438e-01
1.047120418848167117e-01
7.494646680942183836e-02
2.921348314606740382e-01
4.330708661417321803e-01
3.197674418604651292e-02
1.047120418848167117e-01
5.794392523364486070e-02
1.642857142857142849e-01
4.477611940298506510e-02
2.978723404255319285e-02
8.545034642032331429e-02
9.774436090225561979e-02
1.206896551724137845e-01
9.774436090225561979e-02
7.024793388429752261e-02
1.123287671232876955e-01
2.770083102493074712e-02
2.025316455696202916e-02
2.571041948579160658e-02
2.139737991266375816e-01
5.096660808435852369e-02
2.978723404255319285e-02
3.197674418604651292e-02
6.177606177606177751e-02
2.380952380952381167e-02
5.096660808435852369e-02
6.177606177606177751e-02
9.774436090225561979e-02
1.401273885350318438e-01
3.669724770642202039e-02
1.206896551724137845e-01
2.978723404255319285e-02
2.978723404255319285e-02
6.177606177606177751e-02
9.134615384615381306e-02
6.586826347305388407e-02
5.434782608695652023e-02
5.434782608695652023e-02
1.515151515151514638e-01
2.978723404255319285e-02
1.047120418848167117e-01
5.096660808435852369e-02
2.025316455696202916e-02
3.924646781789638966e-02
2.571041948579160658e-02
2.921348314606740382e-01
1.123287671232876955e-01
4.193548387096773800e-02
4.778156996587031025e-02
3.669724770642202039e-02
3.197674418604651292e-02
1.515151515151514638e-01
6.586826347305388407e-02
4.778156996587031025e-02
1.401273885350318438e-01
1.401273885350318438e-01
9.134615384615381306e-02
2.025316455696202916e-02
1.642857142857142849e-01
1.787072243346007061e-01
1.642857142857142849e-01
2.571041948579160658e-02
3.924646781789638966e-02
1.123287671232876955e-01
1.787072243346007061e-01
1.206896551724137845e-01
2.770083102493074712e-02
1.858736059479553990e-02
2.770083102493074712e-02
2.571041948579160658e-02
5.794392523364486070e-02
3.427719821162444197e-02
5.434782608695652023e-02
8.000000000000001554e-02
7.631578947368423682e-01
1.047120418848167117e-01
7.024793388429752261e-02
8.545034642032331429e-02
1.951219512195121741e-01
1.047120418848167117e-01
2.380952380952381167e-02
1.299093655589123597e-01
5.096660808435852369e-02
1.206896551724137845e-01
3.669724770642202039e-02
2.380952380952381167e-02
1.515151515151514638e-01
5.794392523364486070e-02
7.024793388429752261e-02
1.642857142857142849e-01
3.924646781789638966e-02
5.434782608695652023e-02
6.177606177606177751e-02
8.000000000000001554e-02
8.000000000000001554e-02
9.134615384615381306e-02
1.299093655589123597e-01
3.427719821162444197e-02
2.139737991266375816e-01
1.206896551724137845e-01
1.401273885350318438e-01
1.123287671232876955e-01
1.123287671232876955e-01
4.477611940298506510e-02
2.571041948579160658e-02
3.924646781789638966e-02
3.924646781789638966e-02
6.177606177606177751e-02
4.477611940298506510e-02
2.025316455696202916e-02
1.047120418848167117e-01
1.858736059479553990e-02
5.434782608695652023e-02
3.924646781789638966e-02
1.123287671232876955e-01
5.794392523364486070e-02
1.206896551724137845e-01
2.571041948579160658e-02
4.477611940298506510e-02
5.794392523364486070e-02
1.206896551724137845e-01
7.494646680942183836e-02
1.858736059479553990e-02
7.024793388429752261e-02
5.096660808435852369e-02
1.047120418848167117e-01
1.121076233183856442e-02
2.770083102493074712e-02
5.794392523364486070e-02
2.978723404255319285e-02
2.380952380952381167e-02
2.978723404255319285e-02
4.193548387096773800e-02
2.380952380952381167e-02
6.177606177606177751e-02
2.380952380952381167e-02
2.978723404255319285e-02
7.024793388429752261e-02
3.669724770642202039e-02
1.299093655589123597e-01
4.477611940298506510e-02
4.477611940298506510e-02
1.047120418848167117e-01
1.515151515151514638e-01
8.545034642032331429e-02
1.123287671232876955e-01
1.951219512195121741e-01
6.586826347305388407e-02
2.025316455696202916e-02
7.494646680942183836e-02
4.193548387096773800e-02
5.434782608695652023e-02
2.978723404255319285e-02
9.134615384615381306e-02
1.047120418848167117e-01
2.571041948579160658e-02
3.924646781789638966e-02
5.096660808435852369e-02
4.778156996587031025e-02
5.096660808435852369e-02
2.571041948579160658e-02
5.096660808435852369e-02
1.123287671232876955e-01
3.197674418604651292e-02
1.642857142857142849e-01
2.139737991266375816e-01
1.787072243346007061e-01
2.571041948579160658e-02
2.025316455696202916e-02
3.669724770642202039e-02
3.197674418604651292e-02
1.123287671232876955e-01
1.299093655589123597e-01
1.642857142857142849e-01
3.197674418604651292e-02
3.669724770642202039e-02
1.206896551724137845e-01
2.770083102493074712e-02
5.794392523364486070e-02
8.000000000000001554e-02
3.669724770642202039e-02
3.924646781789638966e-02
2.978723404255319285e-02
1.858736059479553990e-02
8.000000000000001554e-02
1.047120418848167117e-01
5.096660808435852369e-02
8.545034642032331429e-02
5.096660808435852369e-02
7.494646680942183836e-02
2.571041948579160658e-02
2.978723404255319285e-02
7.024793388429752261e-02
1.299093655589123597e-01
2.358490566037735048e-01
8.000000000000001554e-02
2.025316455696202916e-02
2.978723404255319285e-02
1.787072243346007061e-01
5.096660808435852369e-02
1.047120418848167117e-01
5.434782608695652023e-02
4.778156996587031025e-02
1.123287671232876955e-01
8.545034642032331429e-02
6.586826347305388407e-02
1.206896551724137845e-01
8.000000000000001554e-02
1.858736059479553990e-02
6.177606177606177751e-02
8.000000000000001554e-02
1.123287671232876955e-01
1.787072243346007061e-01
4.477611940298506510e-02
9.134615384615381306e-02
4.477611940298506510e-02
4.193548387096773800e-02
7.024793388429752261e-02
1.123287671232876955e-01
1.699029126213592172e-02
1.299093655589123597e-01
2.571041948579160658e-02
7.494646680942183836e-02
1.642857142857142849e-01
1.047120418848167117e-01
1.299093655589123597e-01
3.197674418604651292e-02
3.669724770642202039e-02
2.571041948579160658e-02
8.545034642032331429e-02
5.794392523364486070e-02
6.586826347305388407e-02
5.096660808435852369e-02
2.571041948579160658e-02
2.025316455696202916e-02
9.134615384615381306e-02
9.134615384615381306e-02
7.024793388429752261e-02
9.774436090225561979e-02
2.615384615384615530e-01
7.494646680942183836e-02
2.770083102493074712e-02
1.515151515151514638e-01
1.787072243346007061e-01
4.193548387096773800e-02
3.669724770642202039e-02
3.427719821162444197e-02
1.206896551724137845e-01
1.858736059479553990e-02
5.434782608695652023e-02
6.177606177606177751e-02
5.794392523364486070e-02
7.024793388429752261e-02
1.699029126213592172e-02
4.193548387096773800e-02
5.096660808435852369e-02
2.978723404255319285e-02
6.586826347305388407e-02
8.000000000000001554e-02
1.951219512195121741e-01
6.177606177606177751e-02
1.642857142857142849e-01
5.434782608695652023e-02
3.924646781789638966e-02
1.787072243346007061e-01
1.642857142857142849e-01
1.299093655589123597e-01
2.199223803363518914e-02
1.401273885350318438e-01
2.025316455696202916e-02
1.047120418848167117e-01
