6.218487394957982611e-02
1.529411764705881915e-01
1.529411764705881915e-01
7.779886148007589264e-02
1.060752169720347374e-02
1.818181818181818440e-02
5.882352941176471200e-02
2.436974789915965778e-01
4.705882352941176405e-02
1.428571428571428492e-01
6.574394463667819488e-02
1.336898395721925203e-01
1.680672268907562952e-02
1.764705882352940458e-01
3.128911138923654717e-02
1.253196930946291199e-01
7.779886148007589264e-02
1.176470588235294101e-01
9.243697478991598493e-02
7.352941176470588480e-02
1.903114186851211087e-01
1.040723981900452816e-01
1.903114186851211087e-01
4.705882352941176405e-02
4.977375565610859393e-02
1.040723981900452816e-01
1.419878296146044432e-02
8.235294117647058709e-02
9.243697478991598493e-02
2.108768035516092945e-02
1.960784313725490169e-02
9.803921568627450844e-02
1.253196930946291199e-01
8.235294117647058709e-02
9.803921568627450844e-02
7.779886148007589264e-02
2.058823529411764053e-01
2.262443438914027438e-02
7.882352941176471450e-01
1.764705882352940458e-01
9.803921568627450844e-02
7.779886148007589264e-02
4.977375565610859393e-02
1.040723981900452816e-01
1.176470588235294101e-01
1.040723981900452816e-01
3.324808184143222128e-02
3.647058823529408800e-01
8.235294117647058709e-02
1.336898395721925203e-01
1.529411764705881915e-01
2.669683257918552544e-01
6.574394463667819488e-02
2.436974789915965778e-01
2.235294117647058931e-01
6.951871657754009337e-02
2.941176470588235253e-02
1.176470588235294101e-01
1.640866873065015275e-01
1.529411764705881915e-01
2.436974789915965778e-01
1.105882352941176539e-01
1.960784313725490169e-02
2.669683257918552544e-01
5.263157894736841813e-02
1.903114186851211087e-01
2.235294117647058931e-01
7.779886148007589264e-02
1.680672268907562952e-02
2.669683257918552544e-01
9.803921568627450844e-02
8.722109533468558329e-02
1.336898395721925203e-01
1.336898395721925203e-01
7.779886148007589264e-02
2.436974789915965778e-01
1.105882352941176539e-01
6.218487394957982611e-02
4.705882352941176405e-02
1.680672268907562952e-02
6.574394463667819488e-02
1.336898395721925203e-01
3.743315508021390070e-02
6.574394463667819488e-02
1.680672268907562952e-02
1.428571428571428492e-01
1.764705882352940458e-01
3.529411764705882304e-02
8.235294117647058709e-02
5.564387917329092353e-02
1.529411764705881915e-01
1.176470588235294101e-01
1.529411764705881915e-01
7.779886148007589264e-02
1.253196930946291199e-01
1.105882352941176539e-01
2.422145328719723517e-02
1.176470588235294101e-01
7.779886148007589264e-02
2.436974789915965778e-01
5.263157894736841813e-02
8.235294117647058709e-02
2.235294117647058931e-01
9.803921568627450844e-02
1.040723981900452816e-01
1.253196930946291199e-01
5.882352941176471200e-02
5.263157894736841813e-02
4.447632711621233442e-02
1.176470588235294275e-02
1.428571428571428492e-01
1.336898395721925203e-01
1.419878296146044432e-02
2.058823529411764053e-01
8.235294117647058709e-02
3.743315508021390070e-02
9.243697478991598493e-02
4.201680672268907901e-02
4.201680672268907901e-02
9.803921568627450844e-02
5.462184873949579300e-01
2.941176470588234837e-01
3.128911138923654717e-02
1.105882352941176539e-01
3.128911138923654717e-02
1.176470588235294101e-01
1.336898395721925203e-01
1.105882352941176539e-01
1.176470588235294101e-01
5.263157894736841813e-02
4.447632711621233442e-02
1.640866873065015275e-01
8.235294117647058709e-02
4.447632711621233442e-02
1.764705882352940458e-01
2.941176470588235253e-02
1.105882352941176539e-01
1.253196930946291199e-01
1.040723981900452816e-01
1.764705882352940458e-01
6.218487394957982611e-02
1.040723981900452816e-01
1.764705882352940458e-01
3.324808184143222128e-02
6.951871657754009337e-02
1.040723981900452816e-01
9.243697478991598493e-02
4.705882352941176405e-02
1.529411764705881915e-01
1.060752169720347374e-02
2.761104441776711035e-02
9.243697478991598493e-02
1.428571428571428492e-01
1.547987616099071213e-02
1.253196930946291199e-01
9.487666034155598990e-03
3.324808184143222128e-02
1.960784313725490169e-02
1.419878296146044432e-02
1.818181818181818440e-02
9.803921568627450844e-02
1.960784313725490169e-02
9.487666034155598990e-03
1.296111665004985071e-02
2.761104441776711035e-02
2.588235294117647439e-02
1.903114186851211087e-01
4.977375565610859393e-02
7.352941176470588480e-02
2.436974789915965778e-01
1.764705882352940458e-01
2.941176470588234837e-01
7.779886148007589264e-02
6.951871657754009337e-02
8.235294117647058709e-02
1.040723981900452816e-01
7.779886148007589264e-02
2.669683257918552544e-01
1.764705882352940458e-01
1.903114186851211087e-01
1.903114186851211087e-01
1.176470588235294101e-01
6.218487394957982611e-02
5.462184873949579300e-01
4.447632711621233442e-02
4.705882352941176405e-02
2.058823529411764053e-01
1.764705882352940458e-01
3.324808184143222128e-02
7.779886148007589264e-02
1.060752169720347374e-02
6.218487394957982611e-02
1.253196930946291199e-01
1.818181818181818440e-02
1.336898395721925203e-01
9.803921568627450844e-02
7.779886148007589264e-02
1.818181818181818440e-02
5.564387917329092353e-02
1.336898395721925203e-01
3.128911138923654717e-02
1.040723981900452816e-01
2.588235294117647439e-02
8.722109533468558329e-02
1.253196930946291199e-01
2.669683257918552544e-01
2.941176470588234837e-01
8.722109533468558329e-02
9.487666034155598990e-03
4.201680672268907901e-02
1.903114186851211087e-01
9.243697478991598493e-02
9.803921568627450844e-02
1.428571428571428492e-01
8.722109533468558329e-02
2.235294117647058931e-01
1.176470588235294101e-01
3.262032085561496486e-01
2.235294117647058931e-01
1.105882352941176539e-01
1.640866873065015275e-01
1.040723981900452816e-01
4.201680672268907901e-02
4.977375565610859393e-02
2.262443438914027438e-02
7.352941176470588480e-02
3.647058823529408800e-01
1.336898395721925203e-01
8.722109533468558329e-02
1.419878296146044432e-02
1.176470588235294101e-01
1.176470588235294101e-01
1.040723981900452816e-01
2.761104441776711035e-02
4.705882352941176405e-02
1.428571428571428492e-01
1.336898395721925203e-01
2.058823529411764053e-01
4.201680672268907901e-02
1.680672268907562952e-02
7.352941176470588480e-02
1.529411764705881915e-01
1.529411764705881915e-01
6.951871657754009337e-02
1.903114186851211087e-01
1.040723981900452816e-01
9.803921568627450844e-02
8.722109533468558329e-02
1.428571428571428492e-01
4.117647058823528106e-01
1.764705882352940458e-01
1.253196930946291199e-01
6.951871657754009337e-02
1.176470588235294101e-01
4.977375565610859393e-02
1.818181818181818440e-02
1.818181818181818440e-02
8.235294117647058709e-02
4.977375565610859393e-02
9.243697478991598493e-02
4.447632711621233442e-02
8.235294117647058709e-02
5.263157894736841813e-02
1.336898395721925203e-01
8.235294117647058709e-02
1.529411764705881915e-01
7.352941176470588480e-02
1.336898395721925203e-01
3.967168262653898020e-02
2.262443438914027438e-02
7.779886148007589264e-02
9.243697478991598493e-02
3.128911138923654717e-02
7.882352941176471450e-01
7.779886148007589264e-02
1.105882352941176539e-01
8.235294117647058709e-02
2.058823529411764053e-01
1.336898395721925203e-01
4.977375565610859393e-02
5.882352941176471200e-02
4.977375565610859393e-02
4.705882352941176405e-02
6.218487394957982611e-02
1.040723981900452816e-01
1.529411764705881915e-01
2.761104441776711035e-02
1.253196930946291199e-01
2.669683257918552544e-01
1.336898395721925203e-01
1.818181818181818440e-02
1.764705882352940458e-01
1.040723981900452816e-01
1.640866873065015275e-01
1.818181818181818440e-02
6.218487394957982611e-02
9.803921568627450844e-02
1.640866873065015275e-01
9.243697478991598493e-02
1.336898395721925203e-01
6.218487394957982611e-02
6.574394463667819488e-02
1.176470588235294275e-02
1.764705882352940458e-01
6.951871657754009337e-02
7.352941176470588480e-02
9.243697478991598493e-02
4.117647058823528106e-01
1.105882352941176539e-01
2.422145328719723517e-02
8.235294117647058709e-02
1.105882352941176539e-01
1.547987616099071213e-02
8.235294117647058709e-02
8.235294117647058709e-02
1.253196930946291199e-01
2.436974789915965778e-01
3.743315508021390070e-02
4.447632711621233442e-02
1.529411764705881915e-01
3.967168262653898020e-02
3.529411764705882304e-02
1.818181818181818440e-02
4.977375565610859393e-02
8.722109533468558329e-02
9.487666034155598990e-03
1.040723981900452816e-01
5.263157894736841813e-02
3.743315508021390070e-02
3.128911138923654717e-02
1.336898395721925203e-01
1.176470588235294101e-01
1.253196930946291199e-01
8.722109533468558329e-02
1.428571428571428492e-01
5.882352941176471200e-02
8.235294117647058709e-02
6.574394463667819488e-02
1.818181818181818440e-02
1.040723981900452816e-01
8.722109533468558329e-02
1.253196930946291199e-01
4.705882352941176405e-02
2.941176470588235253e-02
6.951871657754009337e-02
1.105882352941176539e-01
1.105882352941176539e-01
9.803921568627450844e-02
1.903114186851211087e-01
2.058823529411764053e-01
1.176470588235294101e-01
1.253196930946291199e-01
6.574394463667819488e-02
2.761104441776711035e-02
1.419878296146044432e-02
3.324808184143222128e-02
1.428571428571428492e-01
4.117647058823528106e-01
7.352941176470588480e-02
6.574394463667819488e-02
7.779886148007589264e-02
1.105882352941176539e-01
3.128911138923654717e-02
8.235294117647058709e-02
1.253196930946291199e-01
6.951871657754009337e-02
6.574394463667819488e-02
4.447632711621233442e-02
9.803921568627450844e-02
1.529411764705881915e-01
8.235294117647058709e-02
8.722109533468558329e-02
9.243697478991598493e-02
2.108768035516092945e-02
1.428571428571428492e-01
1.428571428571428492e-01
1.296111665004985071e-02
3.262032085561496486e-01
1.640866873065015275e-01
5.564387917329092353e-02
1.640866873065015275e-01
1.336898395721925203e-01
2.761104441776711035e-02
6.951871657754009337e-02
1.428571428571428492e-01
1.640866873065015275e-01
2.262443438914027438e-02
1.336898395721925203e-01
7.779886148007589264e-02
2.436974789915965778e-01
1.105882352941176539e-01
6.574394463667819488e-02
1.253196930946291199e-01
1.640866873065015275e-01
6.574394463667819488e-02
6.470588235294112422e-01
2.108768035516092945e-02
1.253196930946291199e-01
4.705882352941176405e-02
1.105882352941176539e-01
2.941176470588235253e-02
7.352941176470588480e-02
7.352941176470588480e-02
6.951871657754009337e-02
1.428571428571428492e-01
7.352941176470588480e-02
2.941176470588235253e-02
2.941176470588234837e-01
6.574394463667819488e-02
4.705882352941176405e-02
1.176470588235294101e-01
5.564387917329092353e-02
1.296111665004985071e-02
1.428571428571428492e-01
3.324808184143222128e-02
1.336898395721925203e-01
1.640866873065015275e-01
1.818181818181818440e-02
1.105882352941176539e-01
5.263157894736841813e-02
2.669683257918552544e-01
3.324808184143222128e-02
2.108768035516092945e-02
1.960784313725490169e-02
1.960784313725490169e-02
1.640866873065015275e-01
8.722109533468558329e-02
1.060752169720347374e-02
1.640866873065015275e-01
1.253196930946291199e-01
1.253196930946291199e-01
1.336898395721925203e-01
1.336898395721925203e-01
1.419878296146044432e-02
7.882352941176471450e-01
1.296111665004985071e-02
6.218487394957982611e-02
4.201680672268907901e-02
1.176470588235294101e-01
3.529411764705882304e-02
1.529411764705881915e-01
1.640866873065015275e-01
6.574394463667819488e-02
1.176470588235294101e-01
2.941176470588235253e-02
7.352941176470588480e-02
1.176470588235294101e-01
5.263157894736841813e-02
3.529411764705882304e-02
2.235294117647058931e-01
1.547987616099071213e-02
8.235294117647058709e-02
1.176470588235294101e-01
1.296111665004985071e-02
1.176470588235294101e-01
2.108768035516092945e-02
1.680672268907562952e-02
1.903114186851211087e-01
4.705882352941176405e-02
6.218487394957982611e-02
1.764705882352940458e-01
9.487666034155598990e-03
1.640866873065015275e-01
4.447632711621233442e-02
1.253196930946291199e-01
1.253196930946291199e-01
3.743315508021390070e-02
5.564387917329092353e-02
8.722109533468558329e-02
7.352941176470588480e-02
1.764705882352940458e-01
1.105882352941176539e-01
1.336898395721925203e-01
1.336898395721925203e-01
8.235294117647058709e-02
1.040723981900452816e-01
1.105882352941176539e-01
9.803921568627450844e-02
1.818181818181818440e-02
1.419878296146044432e-02
1.253196930946291199e-01
1.105882352941176539e-01
9.803921568627450844e-02
3.743315508021390070e-02
9.243697478991598493e-02
5.882352941176471200e-02
3.324808184143222128e-02
6.574394463667819488e-02
9.803921568627450844e-02
1.903114186851211087e-01
4.977375565610859393e-02
8.235294117647058709e-02
3.262032085561496486e-01
9.803921568627450844e-02
4.977375565610859393e-02
1.176470588235294101e-01
9.243697478991598493e-02
5.882352941176471200e-02
6.574394463667819488e-02
8.235294117647058709e-02
8.722109533468558329e-02
1.105882352941176539e-01
1.040723981900452816e-01
3.967168262653898020e-02
1.903114186851211087e-01
1.060752169720347374e-02
2.588235294117647439e-02
3.529411764705882304e-02
1.176470588235294101e-01
1.176470588235294101e-01
2.436974789915965778e-01
3.967168262653898020e-02
1.176470588235294101e-01
1.680672268907562952e-02
9.803921568627450844e-02
8.235294117647058709e-02
5.882352941176471200e-02
1.040723981900452816e-01
1.529411764705881915e-01
7.779886148007589264e-02
6.574394463667819488e-02
2.058823529411764053e-01
8.235294117647058709e-02
3.128911138923654717e-02
5.263157894736841813e-02
1.105882352941176539e-01
2.761104441776711035e-02
1.336898395721925203e-01
2.941176470588235253e-02
1.903114186851211087e-01
6.218487394957982611e-02
1.176470588235294101e-01
1.253196930946291199e-01
5.882352941176471200e-02
3.529411764705882304e-02
1.336898395721925203e-01
2.235294117647058931e-01
6.951871657754009337e-02
2.941176470588235253e-02
6.951871657754009337e-02
4.705882352941171964e-01
1.428571428571428492e-01
1.176470588235294101e-01
4.705882352941171964e-01
2.422145328719723517e-02
6.951871657754009337e-02
1.176470588235294101e-01
2.588235294117647439e-02
1.680672268907562952e-02
4.705882352941176405e-02
6.951871657754009337e-02
1.640866873065015275e-01
5.564387917329092353e-02
4.201680672268907901e-02
6.574394463667819488e-02
1.640866873065015275e-01
1.253196930946291199e-01
8.722109533468558329e-02
3.743315508021390070e-02
5.564387917329092353e-02
4.447632711621233442e-02
1.296111665004985071e-02
7.779886148007589264e-02
4.447632711621233442e-02
8.235294117647058709e-02
1.419878296146044432e-02
1.428571428571428492e-01
1.903114186851211087e-01
5.882352941176471200e-02
1.296111665004985071e-02
6.574394463667819488e-02
9.803921568627450844e-02
1.764705882352940458e-01
1.040723981900452816e-01
1.764705882352940458e-01
4.705882352941176405e-02
4.447632711621233442e-02
9.803921568627450844e-02
6.951871657754009337e-02
7.779886148007589264e-02
9.803921568627450844e-02
1.040723981900452816e-01
3.743315508021390070e-02
1.040723981900452816e-01
1.428571428571428492e-01
3.967168262653898020e-02
1.040723981900452816e-01
9.803921568627450844e-02
9.487666034155598990e-03
7.779886148007589264e-02
1.419878296146044432e-02
1.105882352941176539e-01
1.336898395721925203e-01
2.262443438914027438e-02
1.419878296146044432e-02
8.235294117647058709e-02
7.779886148007589264e-02
7.779886148007589264e-02
2.941176470588235253e-02
3.324808184143222128e-02
1.105882352941176539e-01
4.977375565610859393e-02
4.447632711621233442e-02
2.422145328719723517e-02
2.058823529411764053e-01
1.640866873065015275e-01
3.967168262653898020e-02
9.243697478991598493e-02
6.218487394957982611e-02
1.040723981900452816e-01
1.105882352941176539e-01
1.176470588235294101e-01
3.743315508021390070e-02
1.040723981900452816e-01
1.040723981900452816e-01
1.764705882352940458e-01
1.547987616099071213e-02
1.105882352941176539e-01
1.640866873065015275e-01
6.218487394957982611e-02
1.428571428571428492e-01
1.253196930946291199e-01
1.253196930946291199e-01
6.574394463667819488e-02
1.640866873065015275e-01
1.336898395721925203e-01
7.352941176470588133e-03
1.176470588235294101e-01
2.436974789915965778e-01
8.722109533468558329e-02
5.263157894736841813e-02
1.336898395721925203e-01
1.253196930946291199e-01
1.105882352941176539e-01
1.336898395721925203e-01
4.705882352941176405e-02
9.803921568627450844e-02
1.040723981900452816e-01
6.951871657754009337e-02
5.263157894736841813e-02
6.951871657754009337e-02
3.128911138923654717e-02
1.428571428571428492e-01
2.941176470588234837e-01
6.951871657754009337e-02
7.779886148007589264e-02
9.243697478991598493e-02
1.903114186851211087e-01
3.743315508021390070e-02
2.941176470588234837e-01
9.487666034155598990e-03
9.803921568627450844e-02
4.201680672268907901e-02
1.818181818181818440e-02
1.253196930946291199e-01
1.040723981900452816e-01
2.058823529411764053e-01
3.324808184143222128e-02
2.422145328719723517e-02
4.201680672268907901e-02
7.352941176470588480e-02
7.779886148007589264e-02
1.529411764705881915e-01
8.722109533468558329e-02
4.705882352941176405e-02
1.040723981900452816e-01
4.977375565610859393e-02
7.779886148007589264e-02
1.419878296146044432e-02
1.428571428571428492e-01
1.680672268907562952e-02
1.428571428571428492e-01
1.428571428571428492e-01
9.803921568627450844e-02
3.128911138923654717e-02
7.779886148007589264e-02
2.436974789915965778e-01
1.105882352941176539e-01
1.105882352941176539e-01
8.722109533468558329e-02
2.761104441776711035e-02
1.336898395721925203e-01
1.176470588235294101e-01
4.447632711621233442e-02
2.941176470588234837e-01
4.977375565610859393e-02
1.903114186851211087e-01
1.105882352941176539e-01
1.176470588235294101e-01
1.529411764705881915e-01
1.529411764705881915e-01
6.574394463667819488e-02
4.447632711621233442e-02
1.105882352941176539e-01
2.108768035516092945e-02
1.428571428571428492e-01
1.176470588235294101e-01
1.336898395721925203e-01
1.903114186851211087e-01
2.588235294117647439e-02
1.419878296146044432e-02
4.705882352941176405e-02
4.705882352941176405e-02
8.235294117647058709e-02
2.941176470588235253e-02
1.253196930946291199e-01
3.743315508021390070e-02
7.352941176470588480e-02
1.253196930946291199e-01
7.352941176470588480e-02
1.296111665004985071e-02
6.574394463667819488e-02
1.640866873065015275e-01
1.428571428571428492e-01
2.235294117647058931e-01
4.977375565610859393e-02
7.779886148007589264e-02
6.574394463667819488e-02
8.722109533468558329e-02
2.058823529411764053e-01
4.447632711621233442e-02
1.336898395721925203e-01
7.779886148007589264e-02
4.201680672268907901e-02
6.218487394957982611e-02
1.040723981900452816e-01
1.253196930946291199e-01
2.422145328719723517e-02
5.564387917329092353e-02
1.060752169720347374e-02
6.951871657754009337e-02
6.951871657754009337e-02
2.941176470588235253e-02
8.722109533468558329e-02
4.201680672268907901e-02
1.419878296146044432e-02
4.705882352941176405e-02
3.324808184143222128e-02
6.470588235294112422e-01
2.058823529411764053e-01
3.967168262653898020e-02
6.951871657754009337e-02
6.574394463667819488e-02
2.058823529411764053e-01
8.235294117647058709e-02
2.058823529411764053e-01
4.977375565610859393e-02
1.176470588235294101e-01
1.547987616099071213e-02
1.040723981900452816e-01
5.564387917329092353e-02
6.574394463667819488e-02
2.108768035516092945e-02
1.040723981900452816e-01
1.336898395721925203e-01
1.419878296146044432e-02
2.235294117647058931e-01
1.105882352941176539e-01
1.764705882352940458e-01
1.529411764705881915e-01
1.253196930946291199e-01
1.040723981900452816e-01
8.722109533468558329e-02
1.764705882352940458e-01
1.764705882352940458e-01
8.235294117647058709e-02
9.803921568627450844e-02
2.235294117647058931e-01
1.903114186851211087e-01
9.803921568627450844e-02
1.529411764705881915e-01
7.352941176470588480e-02
1.640866873065015275e-01
5.564387917329092353e-02
1.419878296146044432e-02
5.263157894736841813e-02
1.253196930946291199e-01
7.352941176470588480e-02
9.803921568627450844e-02
9.243697478991598493e-02
4.705882352941176405e-02
2.058823529411764053e-01
9.243697478991598493e-02
4.447632711621233442e-02
1.105882352941176539e-01
2.262443438914027438e-02
8.235294117647058709e-02
1.040723981900452816e-01
5.882352941176471200e-02
1.764705882352940458e-01
8.722109533468558329e-02
2.761104441776711035e-02
1.818181818181818440e-02
9.243697478991598493e-02
6.574394463667819488e-02
1.040723981900452816e-01
1.428571428571428492e-01
3.128911138923654717e-02
1.428571428571428492e-01
1.680672268907562952e-02
1.336898395721925203e-01
8.235294117647058709e-02
8.722109533468558329e-02
1.960784313725490169e-02
7.779886148007589264e-02
1.040723981900452816e-01
1.903114186851211087e-01
1.960784313725490169e-02
8.722109533468558329e-02
1.253196930946291199e-01
9.243697478991598493e-02
1.529411764705881915e-01
1.253196930946291199e-01
3.743315508021390070e-02
3.529411764705882304e-02
1.428571428571428492e-01
1.764705882352940458e-01
2.235294117647058931e-01
9.243697478991598493e-02
6.574394463667819488e-02
1.764705882352940458e-01
2.436974789915965778e-01
1.336898395721925203e-01
5.564387917329092353e-02
2.235294117647058931e-01
6.574394463667819488e-02
2.058823529411764053e-01
1.547987616099071213e-02
7.779886148007589264e-02
1.040723981900452816e-01
8.722109533468558329e-02
3.324808184143222128e-02
6.574394463667819488e-02
1.105882352941176539e-01
1.764705882352940458e-01
6.574394463667819488e-02
9.243697478991598493e-02
1.960784313725490169e-02
8.235294117647058709e-02
1.428571428571428492e-01
3.529411764705882304e-02
1.336898395721925203e-01
5.882352941176471200e-02
7.779886148007589264e-02
2.436974789915965778e-01
2.941176470588234837e-01
5.462184873949579300e-01
3.967168262653898020e-02
1.105882352941176539e-01
1.176470588235294101e-01
1.253196930946291199e-01
1.547987616099071213e-02
2.262443438914027438e-02
1.680672268907562952e-02
4.705882352941176405e-02
5.263157894736841813e-02
3.128911138923654717e-02
6.574394463667819488e-02
1.903114186851211087e-01
5.882352941176471200e-02
2.058823529411764053e-01
1.336898395721925203e-01
1.903114186851211087e-01
7.779886148007589264e-02
6.574394463667819488e-02
2.235294117647058931e-01
9.803921568627450844e-02
1.764705882352940458e-01
1.960784313725490169e-02
2.588235294117647439e-02
1.818181818181818440e-02
1.105882352941176539e-01
3.967168262653898020e-02
2.235294117647058931e-01
2.235294117647058931e-01
1.640866873065015275e-01
1.105882352941176539e-01
1.253196930946291199e-01
9.243697478991598493e-02
9.243697478991598493e-02
1.040723981900452816e-01
1.296111665004985071e-02
1.176470588235294101e-01
4.705882352941176405e-02
6.218487394957982611e-02
8.722109533468558329e-02
1.176470588235294101e-01
8.722109533468558329e-02
9.487666034155598990e-03
1.105882352941176539e-01
4.977375565610859393e-02
6.951871657754009337e-02
1.640866873065015275e-01
4.201680672268907901e-02
1.764705882352940458e-01
1.296111665004985071e-02
9.243697478991598493e-02
9.243697478991598493e-02
8.722109533468558329e-02
1.547987616099071213e-02
4.201680672268907901e-02
1.529411764705881915e-01
5.564387917329092353e-02
1.764705882352940458e-01
1.253196930946291199e-01
1.764705882352940458e-01
6.951871657754009337e-02
8.235294117647058709e-02
8.235294117647058709e-02
1.336898395721925203e-01
1.960784313725490169e-02
1.428571428571428492e-01
1.640866873065015275e-01
1.176470588235294101e-01
7.779886148007589264e-02
9.803921568627450844e-02
9.243697478991598493e-02
5.564387917329092353e-02
3.262032085561496486e-01
1.419878296146044432e-02
2.108768035516092945e-02
4.705882352941176405e-02
9.803921568627450844e-02
4.705882352941176405e-02
3.128911138923654717e-02
5.462184873949579300e-01
2.108768035516092945e-02
1.296111665004985071e-02
1.040723981900452816e-01
1.176470588235294101e-01
6.574394463667819488e-02
3.324808184143222128e-02
1.547987616099071213e-02
6.574394463667819488e-02
1.428571428571428492e-01
1.060752169720347374e-02
2.588235294117647439e-02
1.336898395721925203e-01
6.218487394957982611e-02
9.803921568627450844e-02
7.779886148007589264e-02
1.547987616099071213e-02
5.564387917329092353e-02
2.108768035516092945e-02
2.262443438914027438e-02
1.547987616099071213e-02
2.108768035516092945e-02
1.176470588235294101e-01
2.761104441776711035e-02
2.235294117647058931e-01
1.764705882352940458e-01
1.105882352941176539e-01
8.235294117647058709e-02
1.105882352941176539e-01
6.218487394957982611e-02
1.296111665004985071e-02
4.447632711621233442e-02
2.058823529411764053e-01
6.218487394957982611e-02
7.352941176470588480e-02
2.669683257918552544e-01
7.352941176470588480e-02
1.428571428571428492e-01
6.218487394957982611e-02
1.529411764705881915e-01
6.951871657754009337e-02
1.040723981900452816e-01
8.235294117647058709e-02
1.253196930946291199e-01
3.324808184143222128e-02
8.722109533468558329e-02
1.253196930946291199e-01
1.176470588235294275e-02
1.428571428571428492e-01
3.529411764705882304e-02
3.529411764705882304e-02
1.336898395721925203e-01
9.803921568627450844e-02
1.336898395721925203e-01
1.529411764705881915e-01
2.422145328719723517e-02
2.058823529411764053e-01
9.803921568627450844e-02
1.428571428571428492e-01
5.882352941176471200e-02
8.235294117647058709e-02
1.336898395721925203e-01
2.108768035516092945e-02
2.422145328719723517e-02
1.640866873065015275e-01
2.941176470588235253e-02
2.941176470588234837e-01
4.705882352941176405e-02
1.253196930946291199e-01
1.640866873065015275e-01
4.705882352941171964e-01
1.336898395721925203e-01
1.040723981900452816e-01
7.352941176470588480e-02
1.105882352941176539e-01
3.743315508021390070e-02
2.108768035516092945e-02
9.803921568627450844e-02
1.529411764705881915e-01
1.960784313725490169e-02
1.428571428571428492e-01
1.640866873065015275e-01
2.058823529411764053e-01
1.176470588235294101e-01
1.253196930946291199e-01
1.336898395721925203e-01
1.428571428571428492e-01
1.903114186851211087e-01
1.336898395721925203e-01
1.903114186851211087e-01
6.218487394957982611e-02
5.882352941176471200e-02
1.040723981900452816e-01
7.882352941176471450e-01
1.640866873065015275e-01
8.235294117647058709e-02
1.428571428571428492e-01
2.941176470588235253e-02
2.941176470588234837e-01
1.040723981900452816e-01
1.640866873065015275e-01
1.105882352941176539e-01
5.263157894736841813e-02
5.564387917329092353e-02
1.105882352941176539e-01
7.779886148007589264e-02
1.176470588235294275e-02
5.564387917329092353e-02
1.529411764705881915e-01
4.977375565610859393e-02
2.422145328719723517e-02
4.977375565610859393e-02
9.243697478991598493e-02
1.419878296146044432e-02
1.040723981900452816e-01
1.336898395721925203e-01
1.105882352941176539e-01
1.764705882352940458e-01
8.235294117647058709e-02
1.040723981900452816e-01
2.235294117647058931e-01
6.951871657754009337e-02
1.040723981900452816e-01
1.336898395721925203e-01
4.705882352941176405e-02
6.574394463667819488e-02
9.243697478991598493e-02
3.128911138923654717e-02
2.235294117647058931e-01
9.243697478991598493e-02
1.105882352941176539e-01
9.803921568627450844e-02
1.105882352941176539e-01
2.422145328719723517e-02
2.669683257918552544e-01
9.803921568627450844e-02
1.253196930946291199e-01
2.761104441776711035e-02
1.529411764705881915e-01
7.779886148007589264e-02
1.040723981900452816e-01
4.201680672268907901e-02
1.040723981900452816e-01
1.176470588235294275e-02
6.574394463667819488e-02
8.235294117647058709e-02
1.105882352941176539e-01
1.640866873065015275e-01
1.040723981900452816e-01
7.352941176470588480e-02
1.040723981900452816e-01
2.761104441776711035e-02
6.470588235294112422e-01
4.977375565610859393e-02
1.253196930946291199e-01
1.764705882352940458e-01
1.253196930946291199e-01
6.574394463667819488e-02
1.253196930946291199e-01
6.951871657754009337e-02
5.882352941176471200e-02
8.235294117647058709e-02
1.903114186851211087e-01
1.764705882352940458e-01
9.243697478991598493e-02
1.903114186851211087e-01
1.105882352941176539e-01
5.882352941176471200e-02
9.803921568627450844e-02
2.941176470588234837e-01
1.764705882352940458e-01
8.235294117647058709e-02
1.529411764705881915e-01
1.680672268907562952e-02
1.176470588235294101e-01
1.428571428571428492e-01
1.253196930946291199e-01
6.951871657754009337e-02
2.941176470588235253e-02
1.253196930946291199e-01
1.764705882352940458e-01
5.263157894736841813e-02
9.243697478991598493e-02
1.060752169720347374e-02
5.263157894736841813e-02
1.818181818181818440e-02
1.336898395721925203e-01
3.967168262653898020e-02
1.960784313725490169e-02
1.764705882352940458e-01
6.951871657754009337e-02
6.470588235294112422e-01
1.040723981900452816e-01
9.803921568627450844e-02
1.529411764705881915e-01
9.803921568627450844e-02
2.588235294117647439e-02
1.176470588235294275e-02
3.324808184143222128e-02
4.201680672268907901e-02
1.105882352941176539e-01
5.882352941176471200e-02
4.977375565610859393e-02
8.722109533468558329e-02
1.176470588235294275e-02
8.722109533468558329e-02
1.960784313725490169e-02
1.818181818181818440e-02
1.640866873065015275e-01
8.722109533468558329e-02
1.176470588235294101e-01
1.253196930946291199e-01
1.680672268907562952e-02
4.705882352941171964e-01
1.529411764705881915e-01
7.882352941176471450e-01
9.243697478991598493e-02
2.422145328719723517e-02
1.529411764705881915e-01
1.640866873065015275e-01
1.640866873065015275e-01
1.903114186851211087e-01
1.296111665004985071e-02
1.040723981900452816e-01
3.743315508021390070e-02
1.680672268907562952e-02
9.243697478991598493e-02
1.040723981900452816e-01
1.040723981900452816e-01
4.201680672268907901e-02
1.336898395721925203e-01
4.705882352941176405e-02
5.882352941176471200e-02
6.951871657754009337e-02
7.779886148007589264e-02
6.951871657754009337e-02
6.951871657754009337e-02
1.428571428571428492e-01
6.951871657754009337e-02
1.336898395721925203e-01
1.547987616099071213e-02
1.253196930946291199e-01
1.428571428571428492e-01
1.818181818181818440e-02
1.428571428571428492e-01
1.529411764705881915e-01
1.176470588235294101e-01
1.529411764705881915e-01
3.324808184143222128e-02
8.235294117647058709e-02
8.722109533468558329e-02
8.235294117647058709e-02
1.764705882352940458e-01
1.105882352941176539e-01
7.882352941176471450e-01
2.235294117647058931e-01
7.779886148007589264e-02
1.547987616099071213e-02
5.882352941176471200e-02
6.574394463667819488e-02
1.336898395721925203e-01
2.058823529411764053e-01
4.447632711621233442e-02
1.640866873065015275e-01
2.235294117647058931e-01
3.324808184143222128e-02
1.529411764705881915e-01
7.779886148007589264e-02
6.574394463667819488e-02
1.640866873065015275e-01
6.574394463667819488e-02
3.128911138923654717e-02
5.564387917329092353e-02
6.951871657754009337e-02
5.263157894736841813e-02
1.176470588235294101e-01
4.201680672268907901e-02
5.882352941176471200e-02
3.128911138923654717e-02
2.436974789915965778e-01
7.779886148007589264e-02
2.262443438914027438e-02
1.040723981900452816e-01
5.564387917329092353e-02
1.105882352941176539e-01
4.977375565610859393e-02
1.253196930946291199e-01
5.564387917329092353e-02
4.201680672268907901e-02
1.547987616099071213e-02
8.235294117647058709e-02
1.040723981900452816e-01
9.487666034155598990e-03
5.882352941176471200e-02
1.428571428571428492e-01
8.722109533468558329e-02
8.722109533468558329e-02
6.574394463667819488e-02
1.060752169720347374e-02
1.903114186851211087e-01
2.436974789915965778e-01
5.564387917329092353e-02
1.040723981900452816e-01
1.640866873065015275e-01
1.176470588235294101e-01
8.235294117647058709e-02
3.529411764705882304e-02
4.201680672268907901e-02
5.263157894736841813e-02
8.722109533468558329e-02
2.761104441776711035e-02
1.547987616099071213e-02
1.105882352941176539e-01
1.296111665004985071e-02
6.574394463667819488e-02
1.680672268907562952e-02
1.253196930946291199e-01
3.128911138923654717e-02
2.422145328719723517e-02
9.803921568627450844e-02
9.243697478991598493e-02
3.324808184143222128e-02
9.243697478991598493e-02
1.176470588235294101e-01
1.818181818181818440e-02
2.235294117647058931e-01
1.428571428571428492e-01
1.336898395721925203e-01
8.235294117647058709e-02
1.040723981900452816e-01
1.428571428571428492e-01
7.352941176470588480e-02
8.235294117647058709e-02
1.764705882352940458e-01
1.040723981900452816e-01
1.040723981900452816e-01
1.040723981900452816e-01
1.040723981900452816e-01
6.951871657754009337e-02
7.352941176470588480e-02
1.903114186851211087e-01
2.058823529411764053e-01
1.336898395721925203e-01
1.903114186851211087e-01
2.941176470588234837e-01
1.105882352941176539e-01
2.422145328719723517e-02
3.324808184143222128e-02
6.951871657754009337e-02
9.243697478991598493e-02
5.462184873949579300e-01
7.779886148007589264e-02
1.529411764705881915e-01
7.352941176470588480e-02
2.262443438914027438e-02
1.529411764705881915e-01
1.176470588235294275e-02
1.640866873065015275e-01
1.176470588235294101e-01
3.647058823529408800e-01
7.779886148007589264e-02
9.487666034155598990e-03
1.529411764705881915e-01
7.352941176470588480e-02
2.262443438914027438e-02
1.680672268907562952e-02
1.764705882352940458e-01
1.336898395721925203e-01
6.951871657754009337e-02
1.253196930946291199e-01
1.640866873065015275e-01
6.951871657754009337e-02
9.487666034155598990e-03
7.779886148007589264e-02
1.640866873065015275e-01
1.640866873065015275e-01
1.640866873065015275e-01
5.564387917329092353e-02
1.105882352941176539e-01
8.235294117647058709e-02
5.564387917329092353e-02
7.352941176470588480e-02
1.428571428571428492e-01
2.436974789915965778e-01
7.779886148007589264e-02
8.722109533468558329e-02
9.803921568627450844e-02
1.640866873065015275e-01
2.058823529411764053e-01
8.235294117647058709e-02
9.803921568627450844e-02
2.058823529411764053e-01
3.967168262653898020e-02
4.201680672268907901e-02
1.176470588235294101e-01
1.040723981900452816e-01
1.253196930946291199e-01
2.235294117647058931e-01
2.108768035516092945e-02
1.253196930946291199e-01
1.040723981900452816e-01
2.058823529411764053e-01
1.060752169720347374e-02
1.040723981900452816e-01
1.428571428571428492e-01
4.977375565610859393e-02
5.263157894736841813e-02
6.951871657754009337e-02
7.779886148007589264e-02
2.941176470588235253e-02
1.680672268907562952e-02
1.764705882352940458e-01
2.262443438914027438e-02
1.680672268907562952e-02
1.105882352941176539e-01
2.761104441776711035e-02
8.235294117647058709e-02
5.263157894736841813e-02
1.640866873065015275e-01
1.428571428571428492e-01
7.779886148007589264e-02
6.951871657754009337e-02
9.243697478991598493e-02
1.336898395721925203e-01
1.040723981900452816e-01
5.462184873949579300e-01
1.428571428571428492e-01
1.818181818181818440e-02
2.058823529411764053e-01
1.529411764705881915e-01
6.218487394957982611e-02
1.428571428571428492e-01
2.235294117647058931e-01
1.960784313725490169e-02
9.803921568627450844e-02
1.764705882352940458e-01
1.253196930946291199e-01
1.040723981900452816e-01
1.176470588235294101e-01
4.201680672268907901e-02
6.218487394957982611e-02
2.761104441776711035e-02
1.105882352941176539e-01
9.803921568627450844e-02
1.547987616099071213e-02
1.176470588235294101e-01
1.296111665004985071e-02
8.722109533468558329e-02
1.547987616099071213e-02
9.243697478991598493e-02
1.040723981900452816e-01
6.951871657754009337e-02
1.428571428571428492e-01
1.818181818181818440e-02
8.235294117647058709e-02
1.040723981900452816e-01
1.176470588235294101e-01
2.108768035516092945e-02
6.574394463667819488e-02
9.803921568627450844e-02
1.419878296146044432e-02
2.941176470588235253e-02
2.262443438914027438e-02
1.419878296146044432e-02
4.447632711621233442e-02
3.743315508021390070e-02
1.903114186851211087e-01
7.779886148007589264e-02
1.105882352941176539e-01
2.941176470588234837e-01
1.105882352941176539e-01
5.263157894736841813e-02
2.108768035516092945e-02
4.447632711621233442e-02
1.060752169720347374e-02
6.218487394957982611e-02
7.779886148007589264e-02
2.669683257918552544e-01
1.336898395721925203e-01
1.428571428571428492e-01
2.108768035516092945e-02
6.574394463667819488e-02
4.977375565610859393e-02
1.253196930946291199e-01
2.235294117647058931e-01
8.235294117647058709e-02
1.176470588235294101e-01
4.705882352941176405e-02
2.058823529411764053e-01
3.128911138923654717e-02
1.547987616099071213e-02
8.235294117647058709e-02
5.263157894736841813e-02
1.903114186851211087e-01
4.977375565610859393e-02
6.218487394957982611e-02
3.967168262653898020e-02
4.201680672268907901e-02
1.253196930946291199e-01
1.336898395721925203e-01
1.547987616099071213e-02
6.574394463667819488e-02
1.040723981900452816e-01
9.803921568627450844e-02
7.352941176470588480e-02
3.128911138923654717e-02
1.428571428571428492e-01
1.105882352941176539e-01
8.403361344537816496e-03
6.951871657754009337e-02
1.428571428571428492e-01
4.705882352941171964e-01
1.040723981900452816e-01
1.040723981900452816e-01
2.262443438914027438e-02
1.176470588235294101e-01
3.743315508021390070e-02
1.176470588235294101e-01
9.243697478991598493e-02
1.040723981900452816e-01
6.574394463667819488e-02
2.058823529411764053e-01
1.253196930946291199e-01
1.428571428571428492e-01
1.336898395721925203e-01
3.743315508021390070e-02
4.201680672268907901e-02
8.235294117647058709e-02
5.564387917329092353e-02
8.235294117647058709e-02
2.058823529411764053e-01
1.640866873065015275e-01
7.352941176470588480e-02
6.470588235294112422e-01
1.428571428571428492e-01
1.336898395721925203e-01
6.951871657754009337e-02
4.201680672268907901e-02
1.419878296146044432e-02
8.235294117647058709e-02
1.428571428571428492e-01
8.403361344537816496e-03
2.108768035516092945e-02
6.574394463667819488e-02
6.574394463667819488e-02
2.436974789915965778e-01
1.428571428571428492e-01
9.803921568627450844e-02
9.487666034155598990e-03
2.422145328719723517e-02
1.296111665004985071e-02
1.336898395721925203e-01
1.547987616099071213e-02
1.060752169720347374e-02
1.680672268907562952e-02
1.336898395721925203e-01
3.743315508021390070e-02
5.882352941176471200e-02
4.447632711621233442e-02
8.235294117647058709e-02
2.058823529411764053e-01
1.336898395721925203e-01
1.336898395721925203e-01
2.436974789915965778e-01
5.564387917329092353e-02
6.470588235294112422e-01
1.336898395721925203e-01
3.529411764705882304e-02
3.967168262653898020e-02
1.903114186851211087e-01
4.201680672268907901e-02
1.428571428571428492e-01
9.803921568627450844e-02
2.108768035516092945e-02
2.761104441776711035e-02
8.722109533468558329e-02
4.447632711621233442e-02
3.967168262653898020e-02
1.529411764705881915e-01
1.960784313725490169e-02
6.951871657754009337e-02
1.336898395721925203e-01
7.352941176470588480e-02
2.058823529411764053e-01
1.253196930946291199e-01
7.779886148007589264e-02
9.803921568627450844e-02
9.243697478991598493e-02
1.336898395721925203e-01
8.235294117647058709e-02
1.529411764705881915e-01
2.235294117647058931e-01
1.336898395721925203e-01
5.564387917329092353e-02
1.529411764705881915e-01
8.722109533468558329e-02
8.722109533468558329e-02
1.105882352941176539e-01
5.882352941176471200e-02
6.951871657754009337e-02
4.447632711621233442e-02
1.764705882352940458e-01
1.903114186851211087e-01
4.201680672268907901e-02
1.764705882352940458e-01
5.882352941176471200e-02
6.951871657754009337e-02
5.263157894736841813e-02
5.564387917329092353e-02
1.336898395721925203e-01
1.040723981900452816e-01
9.803921568627450844e-02
9.243697478991598493e-02
8.235294117647058709e-02
1.336898395721925203e-01
1.253196930946291199e-01
6.574394463667819488e-02
7.779886148007589264e-02
1.547987616099071213e-02
1.176470588235294101e-01
1.529411764705881915e-01
8.235294117647058709e-02
3.967168262653898020e-02
2.262443438914027438e-02
4.201680672268907901e-02
1.040723981900452816e-01
1.529411764705881915e-01
1.176470588235294101e-01
1.105882352941176539e-01
7.779886148007589264e-02
3.262032085561496486e-01
6.951871657754009337e-02
2.422145328719723517e-02
4.977375565610859393e-02
1.680672268907562952e-02
1.040723981900452816e-01
9.803921568627450844e-02
1.176470588235294101e-01
2.941176470588235253e-02
3.529411764705882304e-02
8.235294117647058709e-02
2.108768035516092945e-02
1.176470588235294101e-01
7.779886148007589264e-02
7.779886148007589264e-02
1.253196930946291199e-01
3.128911138923654717e-02
8.235294117647058709e-02
1.529411764705881915e-01
3.743315508021390070e-02
9.803921568627450844e-02
2.422145328719723517e-02
3.967168262653898020e-02
8.235294117647058709e-02
7.352941176470588480e-02
3.967168262653898020e-02
1.253196930946291199e-01
8.722109533468558329e-02
9.803921568627450844e-02
1.428571428571428492e-01
1.428571428571428492e-01
4.201680672268907901e-02
5.263157894736841813e-02
1.903114186851211087e-01
8.722109533468558329e-02
5.882352941176471200e-02
1.040723981900452816e-01
1.253196930946291199e-01
1.764705882352940458e-01
1.764705882352940458e-01
1.764705882352940458e-01
3.647058823529408800e-01
8.722109533468558329e-02
1.040723981900452816e-01
7.779886148007589264e-02
2.761104441776711035e-02
1.419878296146044432e-02
1.176470588235294101e-01
1.640866873065015275e-01
1.903114186851211087e-01
1.428571428571428492e-01
9.803921568627450844e-02
7.779886148007589264e-02
9.803921568627450844e-02
9.243697478991598493e-02
9.803921568627450844e-02
1.040723981900452816e-01
9.243697478991598493e-02
2.588235294117647439e-02
1.253196930946291199e-01
1.040723981900452816e-01
8.722109533468558329e-02
2.761104441776711035e-02
2.058823529411764053e-01
6.574394463667819488e-02
1.419878296146044432e-02
1.105882352941176539e-01
1.253196930946291199e-01
7.779886148007589264e-02
1.253196930946291199e-01
1.428571428571428492e-01
2.436974789915965778e-01
1.547987616099071213e-02
1.253196930946291199e-01
4.977375565610859393e-02
5.882352941176471200e-02
6.574394463667819488e-02
1.176470588235294275e-02
9.803921568627450844e-02
6.574394463667819488e-02
8.403361344537816496e-03
8.235294117647058709e-02
1.529411764705881915e-01
1.640866873065015275e-01
2.235294117647058931e-01
1.105882352941176539e-01
3.743315508021390070e-02
2.058823529411764053e-01
2.436974789915965778e-01
2.058823529411764053e-01
6.470588235294112422e-01
5.263157894736841813e-02
1.040723981900452816e-01
5.263157894736841813e-02
6.218487394957982611e-02
6.574394463667819488e-02
1.060752169720347374e-02
5.263157894736841813e-02
1.040723981900452816e-01
5.882352941176471200e-02
6.218487394957982611e-02
7.352941176470588480e-02
1.428571428571428492e-01
1.640866873065015275e-01
2.422145328719723517e-02
1.105882352941176539e-01
6.951871657754009337e-02
6.574394463667819488e-02
9.243697478991598493e-02
4.201680672268907901e-02
9.243697478991598493e-02
4.705882352941176405e-02
4.977375565610859393e-02
1.428571428571428492e-01
1.336898395721925203e-01
9.487666034155598990e-03
1.960784313725490169e-02
1.428571428571428492e-01
8.235294117647058709e-02
3.262032085561496486e-01
8.235294117647058709e-02
8.235294117647058709e-02
6.218487394957982611e-02
9.803921568627450844e-02
1.040723981900452816e-01
6.574394463667819488e-02
7.882352941176471450e-01
1.529411764705881915e-01
1.428571428571428492e-01
2.108768035516092945e-02
9.803921568627450844e-02
4.447632711621233442e-02
1.253196930946291199e-01
1.176470588235294101e-01
4.705882352941176405e-02
1.105882352941176539e-01
9.803921568627450844e-02
1.764705882352940458e-01
7.779886148007589264e-02
6.218487394957982611e-02
1.105882352941176539e-01
1.529411764705881915e-01
1.105882352941176539e-01
1.903114186851211087e-01
1.176470588235294101e-01
1.105882352941176539e-01
1.336898395721925203e-01
7.779886148007589264e-02
8.235294117647058709e-02
9.803921568627450844e-02
6.218487394957982611e-02
3.262032085561496486e-01
6.951871657754009337e-02
1.903114186851211087e-01
7.779886148007589264e-02
7.779886148007589264e-02
6.951871657754009337e-02
1.105882352941176539e-01
6.574394463667819488e-02
9.803921568627450844e-02
5.564387917329092353e-02
1.419878296146044432e-02
1.428571428571428492e-01
1.253196930946291199e-01
2.262443438914027438e-02
1.105882352941176539e-01
3.128911138923654717e-02
1.764705882352940458e-01
4.977375565610859393e-02
1.105882352941176539e-01
1.336898395721925203e-01
1.040723981900452816e-01
1.640866873065015275e-01
3.529411764705882304e-02
5.882352941176471200e-02
2.761104441776711035e-02
1.105882352941176539e-01
1.428571428571428492e-01
1.764705882352940458e-01
9.803921568627450844e-02
2.108768035516092945e-02
1.529411764705881915e-01
2.058823529411764053e-01
2.058823529411764053e-01
4.447632711621233442e-02
6.951871657754009337e-02
6.574394463667819488e-02
1.529411764705881915e-01
5.882352941176471200e-02
4.201680672268907901e-02
1.105882352941176539e-01
1.640866873065015275e-01
1.253196930946291199e-01
9.803921568627450844e-02
1.419878296146044432e-02
8.235294117647058709e-02
1.105882352941176539e-01
1.176470588235294101e-01
4.705882352941176405e-02
3.128911138923654717e-02
1.253196930946291199e-01
1.680672268907562952e-02
3.967168262653898020e-02
1.529411764705881915e-01
2.058823529411764053e-01
4.977375565610859393e-02
1.903114186851211087e-01
7.779886148007589264e-02
1.040723981900452816e-01
1.040723981900452816e-01
4.201680672268907901e-02
9.487666034155598990e-03
8.235294117647058709e-02
5.564387917329092353e-02
9.803921568627450844e-02
1.105882352941176539e-01
9.243697478991598493e-02
6.574394463667819488e-02
1.105882352941176539e-01
1.428571428571428492e-01
6.574394463667819488e-02
1.253196930946291199e-01
3.324808184143222128e-02
1.529411764705881915e-01
2.941176470588235253e-02
1.040723981900452816e-01
1.336898395721925203e-01
2.235294117647058931e-01
4.447632711621233442e-02
8.722109533468558329e-02
1.419878296146044432e-02
6.574394463667819488e-02
2.262443438914027438e-02
1.529411764705881915e-01
9.243697478991598493e-02
6.218487394957982611e-02
1.176470588235294101e-01
5.564387917329092353e-02
9.243697478991598493e-02
9.243697478991598493e-02
2.761104441776711035e-02
4.201680672268907901e-02
3.262032085561496486e-01
6.218487394957982611e-02
2.262443438914027438e-02
3.324808184143222128e-02
8.722109533468558329e-02
2.058823529411764053e-01
9.803921568627450844e-02
2.108768035516092945e-02
9.243697478991598493e-02
1.640866873065015275e-01
7.779886148007589264e-02
1.176470588235294101e-01
8.722109533468558329e-02
1.428571428571428492e-01
1.253196930946291199e-01
6.218487394957982611e-02
5.882352941176471200e-02
6.951871657754009337e-02
6.951871657754009337e-02
1.253196930946291199e-01
5.263157894736841813e-02
1.176470588235294101e-01
9.803921568627450844e-02
9.803921568627450844e-02
8.235294117647058709e-02
1.640866873065015275e-01
1.640866873065015275e-01
1.680672268907562952e-02
1.176470588235294101e-01
3.324808184143222128e-02
9.243697478991598493e-02
8.235294117647058709e-02
7.352941176470588480e-02
3.128911138923654717e-02
4.705882352941176405e-02
1.176470588235294101e-01
8.235294117647058709e-02
1.253196930946291199e-01
3.967168262653898020e-02
7.779886148007589264e-02
2.941176470588234837e-01
1.818181818181818440e-02
9.243697478991598493e-02
2.588235294117647439e-02
4.201680672268907901e-02
1.296111665004985071e-02
5.263157894736841813e-02
1.040723981900452816e-01
9.803921568627450844e-02
3.128911138923654717e-02
1.764705882352940458e-01
1.529411764705881915e-01
1.818181818181818440e-02
2.422145328719723517e-02
1.105882352941176539e-01
1.105882352941176539e-01
5.564387917329092353e-02
1.176470588235294101e-01
6.574394463667819488e-02
1.529411764705881915e-01
1.903114186851211087e-01
7.779886148007589264e-02
2.058823529411764053e-01
1.428571428571428492e-01
7.779886148007589264e-02
2.058823529411764053e-01
3.324808184143222128e-02
6.951871657754009337e-02
1.040723981900452816e-01
1.529411764705881915e-01
1.640866873065015275e-01
1.060752169720347374e-02
1.428571428571428492e-01
1.253196930946291199e-01
