7.246376811594201772e-02
1.450000000000000455e-01
2.601456815816857726e-02
5.135135135135134726e-02
9.328358208955224440e-02
1.366906474820143991e-01
3.800475059382423665e-02
2.601456815816857726e-02
2.956521739130432702e-01
8.860759493670886111e-02
1.540469973890339350e-01
9.826589595375721797e-02
1.436265709156193948e-02
1.015228426395939181e-02
1.290322580645161255e-01
8.006814310051105221e-02
7.246376811594201772e-02
2.601456815816857726e-02
1.639344262295082122e-01
3.999999999999999389e-02
5.950653120464440005e-02
1.219512195121951054e-01
1.639344262295082122e-01
5.950653120464440005e-02
1.639344262295082122e-01
4.424778761061946841e-02
9.328358208955224440e-02
1.035856573705179196e-01
1.035856573705179196e-01
2.313167259786475805e-01
1.035856573705179196e-01
3.966480446927374004e-01
4.887714663143989668e-02
1.999999999999999833e-01
1.747851002865329906e-01
1.999999999999999833e-01
5.394190871369293483e-02
3.999999999999999389e-02
4.424778761061946841e-02
2.311557788944723635e-02
9.328358208955224440e-02
5.135135135135134726e-02
8.860759493670886111e-02
1.747851002865329906e-01
2.754237288135593514e-02
8.421052631578945791e-02
5.135135135135134726e-02
4.424778761061946841e-02
2.712550607287448901e-01
1.540469973890339350e-01
1.747851002865329906e-01
4.444444444444440867e-01
1.035856573705179196e-01
5.950653120464440005e-02
1.639344262295082122e-01
1.115879828326180392e-02
4.424778761061946841e-02
5.665722379603398140e-02
9.826589595375721797e-02
1.450000000000000455e-01
1.867469879518073028e-01
1.219512195121951054e-01
8.006814310051105221e-02
4.887714663143989668e-02
4.207920792079207495e-02
1.867469879518073028e-01
8.421052631578945791e-02
1.092783505154639179e-01
4.207920792079207495e-02
4.207920792079207495e-02
5.950653120464440005e-02
7.615894039735099375e-02
5.034482758620686393e-01
1.366906474820143991e-01
3.076923076923077094e-02
1.549680948040109245e-02
6.564885496183205105e-02
5.665722379603398140e-02
1.747851002865329906e-01
1.787394167450611498e-02
8.006814310051105221e-02
3.076923076923077094e-02
1.450000000000000455e-01
5.950653120464440005e-02
1.092783505154639179e-01
8.421052631578945791e-02
5.665722379603398140e-02
9.826589595375721797e-02
7.246376811594201772e-02
9.826589595375721797e-02
9.826589595375721797e-02
3.608847497089640033e-02
9.328358208955224440e-02
7.246376811594201772e-02
2.912621359223301065e-02
6.896551724137929551e-02
1.867469879518073028e-01
6.564885496183205105e-02
4.424778761061946841e-02
1.035856573705179196e-01
8.421052631578945791e-02
3.800475059382423665e-02
6.564885496183205105e-02
6.564885496183205105e-02
3.424657534246575152e-02
1.747851002865329906e-01
4.424778761061946841e-02
1.290322580645161255e-01
3.999999999999999389e-02
4.887714663143989668e-02
8.421052631578945791e-02
6.564885496183205105e-02
6.564885496183205105e-02
5.394190871369293483e-02
4.887714663143989668e-02
2.912621359223301065e-02
5.781249999999997780e-01
6.896551724137929551e-02
1.999999999999999833e-01
1.290322580645161255e-01
6.896551724137929551e-02
1.092783505154639179e-01
1.549680948040109245e-02
1.035856573705179196e-01
1.153846153846154049e-01
5.665722379603398140e-02
8.860759493670886111e-02
7.299270072992700489e-03
1.366906474820143991e-01
4.887714663143989668e-02
3.608847497089640033e-02
1.366906474820143991e-01
3.999999999999999389e-02
7.299270072992700489e-03
1.450000000000000455e-01
8.860759493670886111e-02
3.608847497089640033e-02
6.249999999999998612e-02
4.207920792079207495e-02
2.147651006711409627e-01
4.651162790697673660e-02
1.666666666666666644e-02
5.950653120464440005e-02
6.249999999999998612e-02
8.421052631578945791e-02
4.207920792079207495e-02
2.712550607287448901e-01
7.615894039735099375e-02
1.115879828326180392e-02
2.754237288135593514e-02
1.153846153846154049e-01
2.712550607287448901e-01
5.950653120464440005e-02
1.219512195121951054e-01
1.035856573705179196e-01
6.249999999999998612e-02
8.860759493670886111e-02
3.999999999999999389e-02
1.450000000000000455e-01
7.615894039735099375e-02
8.421052631578945791e-02
6.249999999999998612e-02
5.394190871369293483e-02
1.219512195121951054e-01
1.035856573705179196e-01
2.313167259786475805e-01
4.424778761061946841e-02
4.207920792079207495e-02
9.328358208955224440e-02
1.092783505154639179e-01
1.666666666666666644e-02
1.035856573705179196e-01
8.860759493670886111e-02
2.147651006711409627e-01
5.665722379603398140e-02
6.249999999999998612e-02
1.092783505154639179e-01
6.249999999999998612e-02
5.394190871369293483e-02
1.290322580645161255e-01
2.040816326530612082e-02
5.394190871369293483e-02
4.651162790697673660e-02
2.754237288135593514e-02
2.147651006711409627e-01
3.247480403135499100e-02
3.800475059382423665e-02
1.450000000000000455e-01
2.754237288135593514e-02
6.564885496183205105e-02
3.571428571428570398e-01
6.564885496183205105e-02
6.896551724137929551e-02
8.006814310051105221e-02
5.394190871369293483e-02
1.999999999999999833e-01
1.290322580645161255e-01
9.826589595375721797e-02
7.615894039735099375e-02
2.754237288135593514e-02
1.639344262295082122e-01
1.092783505154639179e-01
9.826589595375721797e-02
8.421052631578945791e-02
3.424657534246575152e-02
1.540469973890339350e-01
1.092783505154639179e-01
1.639344262295082122e-01
1.867469879518073028e-01
4.207920792079207495e-02
1.366906474820143991e-01
1.450000000000000455e-01
1.999999999999999833e-01
6.896551724137929551e-02
5.665722379603398140e-02
8.860759493670886111e-02
1.015228426395939181e-02
1.747851002865329906e-01
1.092783505154639179e-01
9.826589595375721797e-02
6.564885496183205105e-02
2.453987730061349404e-02
1.747851002865329906e-01
1.540469973890339350e-01
4.887714663143989668e-02
7.246376811594201772e-02
4.887714663143989668e-02
5.665722379603398140e-02
1.153846153846154049e-01
2.754237288135593514e-02
4.207920792079207495e-02
1.366906474820143991e-01
3.424657534246575152e-02
4.651162790697673660e-02
8.006814310051105221e-02
1.153846153846154049e-01
1.540469973890339350e-01
5.135135135135134726e-02
8.421052631578945791e-02
5.665722379603398140e-02
1.290322580645161255e-01
6.564885496183205105e-02
8.421052631578945791e-02
1.035856573705179196e-01
5.950653120464440005e-02
1.366906474820143991e-01
1.540469973890339350e-01
5.950653120464440005e-02
1.999999999999999833e-01
1.153846153846154049e-01
3.966480446927374004e-01
8.860759493670886111e-02
6.896551724137929551e-02
1.366906474820143991e-01
1.787394167450611498e-02
7.246376811594201772e-02
2.173913043478260462e-02
8.006814310051105221e-02
9.826589595375721797e-02
8.006814310051105221e-02
8.421052631578945791e-02
3.800475059382423665e-02
1.092783505154639179e-01
7.615894039735099375e-02
6.564885496183205105e-02
1.092783505154639179e-01
9.328358208955224440e-02
5.665722379603398140e-02
1.290322580645161255e-01
1.639344262295082122e-01
3.999999999999999389e-02
1.092783505154639179e-01
1.092783505154639179e-01
3.247480403135499100e-02
9.826589595375721797e-02
1.092783505154639179e-01
1.219512195121951054e-01
2.147651006711409627e-01
7.615894039735099375e-02
1.366906474820143991e-01
1.366906474820143991e-01
3.247480403135499100e-02
4.887714663143989668e-02
2.499999999999999167e-01
4.207920792079207495e-02
6.249999999999998612e-02
1.540469973890339350e-01
1.035856573705179196e-01
6.249999999999998612e-02
4.207920792079207495e-02
1.639344262295082122e-01
2.754237288135593514e-02
1.639344262295082122e-01
1.639344262295082122e-01
1.035856573705179196e-01
5.394190871369293483e-02
5.135135135135134726e-02
1.639344262295082122e-01
3.247480403135499100e-02
4.887714663143989668e-02
4.207920792079207495e-02
8.860759493670886111e-02
1.326259946949602357e-02
4.887714663143989668e-02
1.153846153846154049e-01
6.564885496183205105e-02
6.896551724137929551e-02
1.290322580645161255e-01
1.999999999999999833e-01
4.424778761061946841e-02
1.092783505154639179e-01
3.999999999999999389e-02
2.754237288135593514e-02
9.826589595375721797e-02
1.436265709156193948e-02
1.290322580645161255e-01
3.800475059382423665e-02
8.006814310051105221e-02
9.826589595375721797e-02
8.860759493670886111e-02
9.328358208955224440e-02
6.249999999999998612e-02
1.035856573705179196e-01
2.311557788944723635e-02
2.147651006711409627e-01
3.608847497089640033e-02
2.147651006711409627e-01
1.153846153846154049e-01
1.366906474820143991e-01
7.615894039735099375e-02
5.665722379603398140e-02
1.219512195121951054e-01
3.076923076923077094e-02
2.173913043478260462e-02
1.153846153846154049e-01
1.912045889101338103e-02
1.035856573705179196e-01
9.328358208955224440e-02
8.860759493670886111e-02
6.564885496183205105e-02
1.540469973890339350e-01
1.747851002865329906e-01
5.950653120464440005e-02
4.651162790697673660e-02
5.394190871369293483e-02
5.394190871369293483e-02
5.135135135135134726e-02
8.421052631578945791e-02
1.219512195121951435e-02
1.867469879518073028e-01
5.135135135135134726e-02
1.015228426395939181e-02
3.076923076923077094e-02
9.826589595375721797e-02
8.421052631578945791e-02
1.912045889101338103e-02
1.867469879518073028e-01
5.135135135135134726e-02
8.006814310051105221e-02
1.747851002865329906e-01
3.999999999999999389e-02
7.246376811594201772e-02
6.564885496183205105e-02
8.421052631578945791e-02
4.424778761061946841e-02
2.712550607287448901e-01
7.615894039735099375e-02
2.313167259786475805e-01
8.860759493670886111e-02
1.153846153846154049e-01
5.665722379603398140e-02
1.219512195121951054e-01
7.246376811594201772e-02
3.424657534246575152e-02
2.147651006711409627e-01
6.896551724137929551e-02
1.092783505154639179e-01
9.826589595375721797e-02
1.912045889101338103e-02
3.076923076923077094e-02
7.615894039735099375e-02
3.608847497089640033e-02
7.246376811594201772e-02
1.015228426395939181e-02
6.564885496183205105e-02
1.219512195121951054e-01
4.207920792079207495e-02
5.135135135135134726e-02
6.564885496183205105e-02
8.421052631578945791e-02
1.999999999999999833e-01
1.867469879518073028e-01
3.424657534246575152e-02
1.219512195121951435e-02
5.394190871369293483e-02
5.135135135135134726e-02
4.207920792079207495e-02
1.450000000000000455e-01
1.015228426395939181e-02
8.421052631578945791e-02
2.499999999999999167e-01
1.366906474820143991e-01
1.219512195121951054e-01
1.366906474820143991e-01
9.328358208955224440e-02
1.290322580645161255e-01
1.450000000000000455e-01
2.313167259786475805e-01
5.394190871369293483e-02
1.035856573705179196e-01
6.896551724137929551e-02
1.035856573705179196e-01
6.249999999999998612e-02
7.246376811594201772e-02
6.896551724137929551e-02
8.006814310051105221e-02
5.394190871369293483e-02
4.887714663143989668e-02
2.040816326530612082e-02
6.896551724137929551e-02
5.665722379603398140e-02
1.115879828326180392e-02
1.639344262295082122e-01
3.076923076923077094e-02
1.867469879518073028e-01
6.249999999999998612e-02
5.394190871369293483e-02
1.219512195121951054e-01
6.564885496183205105e-02
1.290322580645161255e-01
6.249999999999998612e-02
1.115879828326180392e-02
3.800475059382423665e-02
1.549680948040109245e-02
4.887714663143989668e-02
1.450000000000000455e-01
1.666666666666666644e-02
1.867469879518073028e-01
1.153846153846154049e-01
8.421052631578945791e-02
1.450000000000000455e-01
5.394190871369293483e-02
2.173913043478260462e-02
1.290322580645161255e-01
1.219512195121951054e-01
9.826589595375721797e-02
2.912621359223301065e-02
1.999999999999999833e-01
3.076923076923077094e-02
5.665722379603398140e-02
2.754237288135593514e-02
1.366906474820143991e-01
8.006814310051105221e-02
3.608847497089640033e-02
1.092783505154639179e-01
8.421052631578945791e-02
3.247480403135499100e-02
1.787394167450611498e-02
1.747851002865329906e-01
8.421052631578945791e-02
1.153846153846154049e-01
5.394190871369293483e-02
4.424778761061946841e-02
1.153846153846154049e-01
1.290322580645161255e-01
8.860759493670886111e-02
1.540469973890339350e-01
5.394190871369293483e-02
1.639344262295082122e-01
6.896551724137929551e-02
1.092783505154639179e-01
7.615894039735099375e-02
4.887714663143989668e-02
4.651162790697673660e-02
1.867469879518073028e-01
6.564885496183205105e-02
5.135135135135134726e-02
4.207920792079207495e-02
1.035856573705179196e-01
5.665722379603398140e-02
4.887714663143989668e-02
1.290322580645161255e-01
5.135135135135134726e-02
9.826589595375721797e-02
4.424778761061946841e-02
1.747851002865329906e-01
1.035856573705179196e-01
9.174311926605503362e-03
1.290322580645161255e-01
1.366906474820143991e-01
1.092783505154639179e-01
6.564885496183205105e-02
6.249999999999998612e-02
1.219512195121951054e-01
1.290322580645161255e-01
1.092783505154639179e-01
7.615894039735099375e-02
7.615894039735099375e-02
7.246376811594201772e-02
5.394190871369293483e-02
1.540469973890339350e-01
1.999999999999999833e-01
1.035856573705179196e-01
9.174311926605503362e-03
3.999999999999999389e-02
8.860759493670886111e-02
6.564885496183205105e-02
8.006814310051105221e-02
7.246376811594201772e-02
1.747851002865329906e-01
1.290322580645161255e-01
2.040816326530612082e-02
6.249999999999998612e-02
5.950653120464440005e-02
3.076923076923077094e-02
5.665722379603398140e-02
1.540469973890339350e-01
1.290322580645161255e-01
4.887714663143989668e-02
2.754237288135593514e-02
4.207920792079207495e-02
1.999999999999999833e-01
5.394190871369293483e-02
9.328358208955224440e-02
4.651162790697673660e-02
6.249999999999998612e-02
1.747851002865329906e-01
9.328358208955224440e-02
4.887714663143989668e-02
1.450000000000000455e-01
1.035856573705179196e-01
9.826589595375721797e-02
2.499999999999999167e-01
1.035856573705179196e-01
8.860759493670886111e-02
5.394190871369293483e-02
5.394190871369293483e-02
8.421052631578945791e-02
9.328358208955224440e-02
1.219512195121951054e-01
6.896551724137929551e-02
9.328358208955224440e-02
5.665722379603398140e-02
1.153846153846154049e-01
6.756756756756757687e-01
5.394190871369293483e-02
1.450000000000000455e-01
1.549680948040109245e-02
6.756756756756757687e-01
7.299270072992700489e-03
8.860759493670886111e-02
1.639344262295082122e-01
8.006814310051105221e-02
8.006814310051105221e-02
4.207920792079207495e-02
5.950653120464440005e-02
5.665722379603398140e-02
2.147651006711409627e-01
8.421052631578945791e-02
3.608847497089640033e-02
3.076923076923077094e-02
1.867469879518073028e-01
8.006814310051105221e-02
2.712550607287448901e-01
7.246376811594201772e-02
1.219512195121951054e-01
1.219512195121951435e-02
8.421052631578945791e-02
6.564885496183205105e-02
8.860759493670886111e-02
2.601456815816857726e-02
4.207920792079207495e-02
7.246376811594201772e-02
1.366906474820143991e-01
1.540469973890339350e-01
1.867469879518073028e-01
1.015228426395939181e-02
4.651162790697673660e-02
8.006814310051105221e-02
2.311557788944723635e-02
1.290322580645161255e-01
1.092783505154639179e-01
4.424778761061946841e-02
3.999999999999999389e-02
9.174311926605503362e-03
1.219512195121951435e-02
5.394190871369293483e-02
3.247480403135499100e-02
1.092783505154639179e-01
1.219512195121951054e-01
5.665722379603398140e-02
4.887714663143989668e-02
2.754237288135593514e-02
1.867469879518073028e-01
9.826589595375721797e-02
8.006814310051105221e-02
9.826589595375721797e-02
3.608847497089640033e-02
1.639344262295082122e-01
8.860759493670886111e-02
1.153846153846154049e-01
4.887714663143989668e-02
8.006814310051105221e-02
7.246376811594201772e-02
1.153846153846154049e-01
5.665722379603398140e-02
2.754237288135593514e-02
3.608847497089640033e-02
6.249999999999998612e-02
4.207920792079207495e-02
1.366906474820143991e-01
1.867469879518073028e-01
3.800475059382423665e-02
3.424657534246575152e-02
6.896551724137929551e-02
9.826589595375721797e-02
1.450000000000000455e-01
3.966480446927374004e-01
1.639344262295082122e-01
3.608847497089640033e-02
8.006814310051105221e-02
3.608847497089640033e-02
8.421052631578945791e-02
4.207920792079207495e-02
1.290322580645161255e-01
1.092783505154639179e-01
1.290322580645161255e-01
7.246376811594201772e-02
1.219512195121951054e-01
6.564885496183205105e-02
3.076923076923077094e-02
1.450000000000000455e-01
1.912045889101338103e-02
5.950653120464440005e-02
6.249999999999998612e-02
5.950653120464440005e-02
1.219512195121951054e-01
6.756756756756757687e-01
5.665722379603398140e-02
2.956521739130432702e-01
3.999999999999999389e-02
5.665722379603398140e-02
1.450000000000000455e-01
2.311557788944723635e-02
5.135135135135134726e-02
1.035856573705179196e-01
2.453987730061349404e-02
1.867469879518073028e-01
6.249999999999998612e-02
1.092783505154639179e-01
8.223684210526315333e-03
2.040816326530612082e-02
1.366906474820143991e-01
1.035856573705179196e-01
1.666666666666666644e-02
1.219512195121951435e-02
6.564885496183205105e-02
5.394190871369293483e-02
5.135135135135134726e-02
1.540469973890339350e-01
4.424778761061946841e-02
2.040816326530612082e-02
5.950653120464440005e-02
9.826589595375721797e-02
2.754237288135593514e-02
3.076923076923077094e-02
1.366906474820143991e-01
9.328358208955224440e-02
1.092783505154639179e-01
6.896551724137929551e-02
8.006814310051105221e-02
4.887714663143989668e-02
4.651162790697673660e-02
1.219512195121951054e-01
6.896551724137929551e-02
1.153846153846154049e-01
2.712550607287448901e-01
9.826589595375721797e-02
1.747851002865329906e-01
1.219512195121951054e-01
1.290322580645161255e-01
1.366906474820143991e-01
1.540469973890339350e-01
7.615894039735099375e-02
1.153846153846154049e-01
5.394190871369293483e-02
6.249999999999998612e-02
1.999999999999999833e-01
4.887714663143989668e-02
4.651162790697673660e-02
3.424657534246575152e-02
6.896551724137929551e-02
1.092783505154639179e-01
9.826589595375721797e-02
5.665722379603398140e-02
1.219512195121951054e-01
9.826589595375721797e-02
3.247480403135499100e-02
5.665722379603398140e-02
6.896551724137929551e-02
1.035856573705179196e-01
8.421052631578945791e-02
5.665722379603398140e-02
1.035856573705179196e-01
1.035856573705179196e-01
5.665722379603398140e-02
4.887714663143989668e-02
1.035856573705179196e-01
6.564885496183205105e-02
8.860759493670886111e-02
8.860759493670886111e-02
1.219512195121951054e-01
8.421052631578945791e-02
4.887714663143989668e-02
1.092783505154639179e-01
7.246376811594201772e-02
8.006814310051105221e-02
1.366906474820143991e-01
6.249999999999998612e-02
8.860759493670886111e-02
1.035856573705179196e-01
1.912045889101338103e-02
4.651162790697673660e-02
2.499999999999999167e-01
1.092783505154639179e-01
2.912621359223301065e-02
1.290322580645161255e-01
3.424657534246575152e-02
8.006814310051105221e-02
1.747851002865329906e-01
6.896551724137929551e-02
8.421052631578945791e-02
6.564885496183205105e-02
6.896551724137929551e-02
1.450000000000000455e-01
1.450000000000000455e-01
1.450000000000000455e-01
1.366906474820143991e-01
6.564885496183205105e-02
3.076923076923077094e-02
5.135135135135134726e-02
5.665722379603398140e-02
7.299270072992700489e-03
8.006814310051105221e-02
1.666666666666666644e-02
4.887714663143989668e-02
4.651162790697673660e-02
1.540469973890339350e-01
1.540469973890339350e-01
7.615894039735099375e-02
8.006814310051105221e-02
6.249999999999998612e-02
5.950653120464440005e-02
9.328358208955224440e-02
7.246376811594201772e-02
1.639344262295082122e-01
5.665722379603398140e-02
6.896551724137929551e-02
1.115879828326180392e-02
1.219512195121951054e-01
2.313167259786475805e-01
1.290322580645161255e-01
5.665722379603398140e-02
6.249999999999998612e-02
5.665722379603398140e-02
1.115879828326180392e-02
1.092783505154639179e-01
8.006814310051105221e-02
6.896551724137929551e-02
1.153846153846154049e-01
1.219512195121951054e-01
1.092783505154639179e-01
9.328358208955224440e-02
8.421052631578945791e-02
5.135135135135134726e-02
2.311557788944723635e-02
2.499999999999999167e-01
4.651162790697673660e-02
5.394190871369293483e-02
3.424657534246575152e-02
1.290322580645161255e-01
8.421052631578945791e-02
5.665722379603398140e-02
1.436265709156193948e-02
5.394190871369293483e-02
5.135135135135134726e-02
4.887714663143989668e-02
5.665722379603398140e-02
6.249999999999998612e-02
1.366906474820143991e-01
5.950653120464440005e-02
9.328358208955224440e-02
1.035856573705179196e-01
8.421052631578945791e-02
1.450000000000000455e-01
1.366906474820143991e-01
1.035856573705179196e-01
1.092783505154639179e-01
2.956521739130432702e-01
4.651162790697673660e-02
8.006814310051105221e-02
2.313167259786475805e-01
9.328358208955224440e-02
1.115879828326180392e-02
7.615894039735099375e-02
3.608847497089640033e-02
1.540469973890339350e-01
4.887714663143989668e-02
3.800475059382423665e-02
7.246376811594201772e-02
2.754237288135593514e-02
1.219512195121951054e-01
1.999999999999999833e-01
3.239436619718308319e-01
6.249999999999998612e-02
5.394190871369293483e-02
3.076923076923077094e-02
2.754237288135593514e-02
5.135135135135134726e-02
9.328358208955224440e-02
9.328358208955224440e-02
8.860759493670886111e-02
1.219512195121951054e-01
1.639344262295082122e-01
9.826589595375721797e-02
1.290322580645161255e-01
7.615894039735099375e-02
1.639344262295082122e-01
8.860759493670886111e-02
8.006814310051105221e-02
4.651162790697673660e-02
1.999999999999999833e-01
8.006814310051105221e-02
1.639344262295082122e-01
1.450000000000000455e-01
3.608847497089640033e-02
1.290322580645161255e-01
1.092783505154639179e-01
5.665722379603398140e-02
5.950653120464440005e-02
9.328358208955224440e-02
1.366906474820143991e-01
3.800475059382423665e-02
5.665722379603398140e-02
8.006814310051105221e-02
8.421052631578945791e-02
2.912621359223301065e-02
1.035856573705179196e-01
4.651162790697673660e-02
5.665722379603398140e-02
8.421052631578945791e-02
9.328358208955224440e-02
1.540469973890339350e-01
1.035856573705179196e-01
7.615894039735099375e-02
9.826589595375721797e-02
4.887714663143989668e-02
8.006814310051105221e-02
6.564885496183205105e-02
5.950653120464440005e-02
1.366906474820143991e-01
2.173913043478260462e-02
3.239436619718308319e-01
1.549680948040109245e-02
1.540469973890339350e-01
5.394190871369293483e-02
3.999999999999999389e-02
4.424778761061946841e-02
1.092783505154639179e-01
8.421052631578945791e-02
4.207920792079207495e-02
3.999999999999999389e-02
7.615894039735099375e-02
9.328358208955224440e-02
2.313167259786475805e-01
9.328358208955224440e-02
9.328358208955224440e-02
3.571428571428570398e-01
1.153846153846154049e-01
6.249999999999998612e-02
5.135135135135134726e-02
1.035856573705179196e-01
2.453987730061349404e-02
9.328358208955224440e-02
6.564885496183205105e-02
5.665722379603398140e-02
1.153846153846154049e-01
5.950653120464440005e-02
8.860759493670886111e-02
1.035856573705179196e-01
5.135135135135134726e-02
8.860759493670886111e-02
2.712550607287448901e-01
8.421052631578945791e-02
8.421052631578945791e-02
1.219512195121951054e-01
6.896551724137929551e-02
1.540469973890339350e-01
1.999999999999999833e-01
1.290322580645161255e-01
5.950653120464440005e-02
1.867469879518073028e-01
6.249999999999998612e-02
1.912045889101338103e-02
1.219512195121951054e-01
1.867469879518073028e-01
7.615894039735099375e-02
1.035856573705179196e-01
6.249999999999998612e-02
2.453987730061349404e-02
9.328358208955224440e-02
1.639344262295082122e-01
7.615894039735099375e-02
4.651162790697673660e-02
7.246376811594201772e-02
7.615894039735099375e-02
4.887714663143989668e-02
1.092783505154639179e-01
5.394190871369293483e-02
2.754237288135593514e-02
1.092783505154639179e-01
5.950653120464440005e-02
8.223684210526315333e-03
5.135135135135134726e-02
6.564885496183205105e-02
3.424657534246575152e-02
6.564885496183205105e-02
5.394190871369293483e-02
2.912621359223301065e-02
3.608847497089640033e-02
1.015228426395939181e-02
6.249999999999998612e-02
6.564885496183205105e-02
1.219512195121951054e-01
1.219512195121951054e-01
5.950653120464440005e-02
1.219512195121951054e-01
1.219512195121951435e-02
1.450000000000000455e-01
1.219512195121951054e-01
6.249999999999998612e-02
7.615894039735099375e-02
1.153846153846154049e-01
5.665722379603398140e-02
1.366906474820143991e-01
3.076923076923077094e-02
4.651162790697673660e-02
1.153846153846154049e-01
5.665722379603398140e-02
3.076923076923077094e-02
5.950653120464440005e-02
5.135135135135134726e-02
1.540469973890339350e-01
3.424657534246575152e-02
1.540469973890339350e-01
1.867469879518073028e-01
2.311557788944723635e-02
5.135135135135134726e-02
1.092783505154639179e-01
8.421052631578945791e-02
7.615894039735099375e-02
1.999999999999999833e-01
1.867469879518073028e-01
6.896551724137929551e-02
3.076923076923077094e-02
1.219512195121951435e-02
6.896551724137929551e-02
9.826589595375721797e-02
1.540469973890339350e-01
1.115879828326180392e-02
1.867469879518073028e-01
5.950653120464440005e-02
8.860759493670886111e-02
9.826589595375721797e-02
6.249999999999998612e-02
4.424778761061946841e-02
9.328358208955224440e-02
5.950653120464440005e-02
4.651162790697673660e-02
2.147651006711409627e-01
8.006814310051105221e-02
4.651162790697673660e-02
5.665722379603398140e-02
8.006814310051105221e-02
2.311557788944723635e-02
3.800475059382423665e-02
5.665722379603398140e-02
5.394190871369293483e-02
2.601456815816857726e-02
6.564885496183205105e-02
5.135135135135134726e-02
1.867469879518073028e-01
3.999999999999999389e-02
1.639344262295082122e-01
6.564885496183205105e-02
3.800475059382423665e-02
1.747851002865329906e-01
1.290322580645161255e-01
8.421052631578945791e-02
3.571428571428570398e-01
6.896551724137929551e-02
1.290322580645161255e-01
1.219512195121951054e-01
1.015228426395939181e-02
3.571428571428570398e-01
1.153846153846154049e-01
3.247480403135499100e-02
1.639344262295082122e-01
4.207920792079207495e-02
5.950653120464440005e-02
1.540469973890339350e-01
5.665722379603398140e-02
5.394190871369293483e-02
1.092783505154639179e-01
3.999999999999999389e-02
2.754237288135593514e-02
9.328358208955224440e-02
3.800475059382423665e-02
1.035856573705179196e-01
5.135135135135134726e-02
5.950653120464440005e-02
1.326259946949602357e-02
2.147651006711409627e-01
1.540469973890339350e-01
2.453987730061349404e-02
1.639344262295082122e-01
1.450000000000000455e-01
2.712550607287448901e-01
8.421052631578945791e-02
6.896551724137929551e-02
1.366906474820143991e-01
7.246376811594201772e-02
1.092783505154639179e-01
8.421052631578945791e-02
3.424657534246575152e-02
5.950653120464440005e-02
1.999999999999999833e-01
1.290322580645161255e-01
3.571428571428570398e-01
4.887714663143989668e-02
1.035856573705179196e-01
8.421052631578945791e-02
1.035856573705179196e-01
1.290322580645161255e-01
4.887714663143989668e-02
8.860759493670886111e-02
1.747851002865329906e-01
1.326259946949602357e-02
8.860759493670886111e-02
7.615894039735099375e-02
1.639344262295082122e-01
8.421052631578945791e-02
8.860759493670886111e-02
4.424778761061946841e-02
4.424778761061946841e-02
9.826589595375721797e-02
8.860759493670886111e-02
1.450000000000000455e-01
1.867469879518073028e-01
1.290322580645161255e-01
7.246376811594201772e-02
5.665722379603398140e-02
3.800475059382423665e-02
1.153846153846154049e-01
1.450000000000000455e-01
8.860759493670886111e-02
1.366906474820143991e-01
2.712550607287448901e-01
1.540469973890339350e-01
4.651162790697673660e-02
2.712550607287448901e-01
2.712550607287448901e-01
1.290322580645161255e-01
1.436265709156193948e-02
7.615894039735099375e-02
9.328358208955224440e-02
1.153846153846154049e-01
6.756756756756757687e-01
6.896551724137929551e-02
1.999999999999999833e-01
2.147651006711409627e-01
1.540469973890339350e-01
1.015228426395939181e-02
6.564885496183205105e-02
2.754237288135593514e-02
8.421052631578945791e-02
7.246376811594201772e-02
8.421052631578945791e-02
1.219512195121951435e-02
8.006814310051105221e-02
4.887714663143989668e-02
1.747851002865329906e-01
4.207920792079207495e-02
8.006814310051105221e-02
4.887714663143989668e-02
1.450000000000000455e-01
5.394190871369293483e-02
3.999999999999999389e-02
7.246376811594201772e-02
5.950653120464440005e-02
8.421052631578945791e-02
4.887714663143989668e-02
1.999999999999999833e-01
4.887714663143989668e-02
1.450000000000000455e-01
4.887714663143989668e-02
2.912621359223301065e-02
7.615894039735099375e-02
2.499999999999999167e-01
5.394190871369293483e-02
7.615894039735099375e-02
1.999999999999999833e-01
7.246376811594201772e-02
1.999999999999999833e-01
1.912045889101338103e-02
4.424778761061946841e-02
2.956521739130432702e-01
3.424657534246575152e-02
6.249999999999998612e-02
4.651162790697673660e-02
1.035856573705179196e-01
1.366906474820143991e-01
8.860759493670886111e-02
6.564885496183205105e-02
9.826589595375721797e-02
1.450000000000000455e-01
1.153846153846154049e-01
1.153846153846154049e-01
5.135135135135134726e-02
8.006814310051105221e-02
1.639344262295082122e-01
5.950653120464440005e-02
2.956521739130432702e-01
1.540469973890339350e-01
6.896551724137929551e-02
9.328358208955224440e-02
8.860759493670886111e-02
8.006814310051105221e-02
4.424778761061946841e-02
1.540469973890339350e-01
5.950653120464440005e-02
1.153846153846154049e-01
2.912621359223301065e-02
5.394190871369293483e-02
3.424657534246575152e-02
1.867469879518073028e-01
1.639344262295082122e-01
7.299270072992700489e-03
1.290322580645161255e-01
8.860759493670886111e-02
7.615894039735099375e-02
8.860759493670886111e-02
1.540469973890339350e-01
4.651162790697673660e-02
1.092783505154639179e-01
1.153846153846154049e-01
5.665722379603398140e-02
1.999999999999999833e-01
5.665722379603398140e-02
5.394190871369293483e-02
4.887714663143989668e-02
5.665722379603398140e-02
2.313167259786475805e-01
4.424778761061946841e-02
1.366906474820143991e-01
8.421052631578945791e-02
4.887714663143989668e-02
8.006814310051105221e-02
1.092783505154639179e-01
6.564885496183205105e-02
7.246376811594201772e-02
1.153846153846154049e-01
1.153846153846154049e-01
3.424657534246575152e-02
6.249999999999998612e-02
4.424778761061946841e-02
8.085106382978713979e-01
3.999999999999999389e-02
2.040816326530612082e-02
2.313167259786475805e-01
8.860759493670886111e-02
5.665722379603398140e-02
2.601456815816857726e-02
5.950653120464440005e-02
4.207920792079207495e-02
1.219512195121951054e-01
8.421052631578945791e-02
6.249999999999998612e-02
1.540469973890339350e-01
1.153846153846154049e-01
1.290322580645161255e-01
1.540469973890339350e-01
1.540469973890339350e-01
5.135135135135134726e-02
4.424778761061946841e-02
8.860759493670886111e-02
6.896551724137929551e-02
8.860759493670886111e-02
8.006814310051105221e-02
1.639344262295082122e-01
3.608847497089640033e-02
3.247480403135499100e-02
1.290322580645161255e-01
1.540469973890339350e-01
1.153846153846154049e-01
5.665722379603398140e-02
8.421052631578945791e-02
1.999999999999999833e-01
4.887714663143989668e-02
1.153846153846154049e-01
5.394190871369293483e-02
3.608847497089640033e-02
1.290322580645161255e-01
3.076923076923077094e-02
5.950653120464440005e-02
7.615894039735099375e-02
1.747851002865329906e-01
5.950653120464440005e-02
1.540469973890339350e-01
5.135135135135134726e-02
1.326259946949602357e-02
8.006814310051105221e-02
8.006814310051105221e-02
4.651162790697673660e-02
2.754237288135593514e-02
1.092783505154639179e-01
3.247480403135499100e-02
8.421052631578945791e-02
1.092783505154639179e-01
8.860759493670886111e-02
1.153846153846154049e-01
1.326259946949602357e-02
1.290322580645161255e-01
1.219512195121951054e-01
9.328358208955224440e-02
2.311557788944723635e-02
1.115879828326180392e-02
1.436265709156193948e-02
9.826589595375721797e-02
7.615894039735099375e-02
1.747851002865329906e-01
1.153846153846154049e-01
9.826589595375721797e-02
8.860759493670886111e-02
1.290322580645161255e-01
2.912621359223301065e-02
1.366906474820143991e-01
1.153846153846154049e-01
1.219512195121951054e-01
7.615894039735099375e-02
2.147651006711409627e-01
8.006814310051105221e-02
7.615894039735099375e-02
1.639344262295082122e-01
6.896551724137929551e-02
1.540469973890339350e-01
4.651162790697673660e-02
1.450000000000000455e-01
5.665722379603398140e-02
9.328358208955224440e-02
1.035856573705179196e-01
1.747851002865329906e-01
7.615894039735099375e-02
1.153846153846154049e-01
3.076923076923077094e-02
2.313167259786475805e-01
3.966480446927374004e-01
5.665722379603398140e-02
6.896551724137929551e-02
1.015228426395939181e-02
3.800475059382423665e-02
5.665722379603398140e-02
1.366906474820143991e-01
1.219512195121951054e-01
1.153846153846154049e-01
1.092783505154639179e-01
1.549680948040109245e-02
4.207920792079207495e-02
1.326259946949602357e-02
1.219512195121951054e-01
8.006814310051105221e-02
8.860759493670886111e-02
2.147651006711409627e-01
2.601456815816857726e-02
1.290322580645161255e-01
1.540469973890339350e-01
1.366906474820143991e-01
6.896551724137929551e-02
3.966480446927374004e-01
4.887714663143989668e-02
5.781249999999997780e-01
3.424657534246575152e-02
5.950653120464440005e-02
5.950653120464440005e-02
7.615894039735099375e-02
1.540469973890339350e-01
1.015228426395939181e-02
2.499999999999999167e-01
1.290322580645161255e-01
1.035856573705179196e-01
5.665722379603398140e-02
1.290322580645161255e-01
5.781249999999997780e-01
9.328358208955224440e-02
3.999999999999999389e-02
6.249999999999998612e-02
9.826589595375721797e-02
7.615894039735099375e-02
6.249999999999998612e-02
7.615894039735099375e-02
1.035856573705179196e-01
1.639344262295082122e-01
2.453987730061349404e-02
5.394190871369293483e-02
8.421052631578945791e-02
5.665722379603398140e-02
6.896551724137929551e-02
3.247480403135499100e-02
7.615894039735099375e-02
3.800475059382423665e-02
3.076923076923077094e-02
7.246376811594201772e-02
1.153846153846154049e-01
8.860759493670886111e-02
1.540469973890339350e-01
1.153846153846154049e-01
3.800475059382423665e-02
8.006814310051105221e-02
6.249999999999998612e-02
5.135135135135134726e-02
1.290322580645161255e-01
4.424778761061946841e-02
6.249999999999998612e-02
8.421052631578945791e-02
1.747851002865329906e-01
6.249999999999998612e-02
2.040816326530612082e-02
4.424778761061946841e-02
1.999999999999999833e-01
5.135135135135134726e-02
1.450000000000000455e-01
1.450000000000000455e-01
3.608847497089640033e-02
8.006814310051105221e-02
3.247480403135499100e-02
4.651162790697673660e-02
1.092783505154639179e-01
5.665722379603398140e-02
1.219512195121951054e-01
7.246376811594201772e-02
1.450000000000000455e-01
3.424657534246575152e-02
1.747851002865329906e-01
6.564885496183205105e-02
9.328358208955224440e-02
1.219512195121951435e-02
1.639344262295082122e-01
5.135135135135134726e-02
1.092783505154639179e-01
1.153846153846154049e-01
1.035856573705179196e-01
7.246376811594201772e-02
8.421052631578945791e-02
6.249999999999998612e-02
7.246376811594201772e-02
1.219512195121951054e-01
2.313167259786475805e-01
1.366906474820143991e-01
4.207920792079207495e-02
1.366906474820143991e-01
3.966480446927374004e-01
1.219512195121951054e-01
2.601456815816857726e-02
8.860759493670886111e-02
1.219512195121951054e-01
8.860759493670886111e-02
1.666666666666666644e-02
8.860759493670886111e-02
1.115879828326180392e-02
1.450000000000000455e-01
5.665722379603398140e-02
6.249999999999998612e-02
1.666666666666666644e-02
1.115879828326180392e-02
1.092783505154639179e-01
6.756756756756757687e-01
1.015228426395939181e-02
8.006814310051105221e-02
3.424657534246575152e-02
1.666666666666666644e-02
8.421052631578945791e-02
1.366906474820143991e-01
6.249999999999998612e-02
3.424657534246575152e-02
9.826589595375721797e-02
1.290322580645161255e-01
2.601456815816857726e-02
1.366906474820143991e-01
3.999999999999999389e-02
9.328358208955224440e-02
1.290322580645161255e-01
3.076923076923077094e-02
1.366906474820143991e-01
1.219512195121951054e-01
1.035856573705179196e-01
5.950653120464440005e-02
5.950653120464440005e-02
5.394190871369293483e-02
5.950653120464440005e-02
8.421052631578945791e-02
8.006814310051105221e-02
1.092783505154639179e-01
7.615894039735099375e-02
7.246376811594201772e-02
3.424657534246575152e-02
1.450000000000000455e-01
1.290322580645161255e-01
6.564885496183205105e-02
6.564885496183205105e-02
2.147651006711409627e-01
1.290322580645161255e-01
3.247480403135499100e-02
1.290322580645161255e-01
1.450000000000000455e-01
8.860759493670886111e-02
2.147651006711409627e-01
3.571428571428570398e-01
2.754237288135593514e-02
5.394190871369293483e-02
1.450000000000000455e-01
9.826589595375721797e-02
2.313167259786475805e-01
1.153846153846154049e-01
1.747851002865329906e-01
1.639344262295082122e-01
4.207920792079207495e-02
3.608847497089640033e-02
5.950653120464440005e-02
5.394190871369293483e-02
1.092783505154639179e-01
7.246376811594201772e-02
2.313167259786475805e-01
1.153846153846154049e-01
1.366906474820143991e-01
1.153846153846154049e-01
8.860759493670886111e-02
5.950653120464440005e-02
1.092783505154639179e-01
1.450000000000000455e-01
6.249999999999998612e-02
7.246376811594201772e-02
3.247480403135499100e-02
1.867469879518073028e-01
7.246376811594201772e-02
9.328358208955224440e-02
7.615894039735099375e-02
6.249999999999998612e-02
1.219512195121951054e-01
4.887714663143989668e-02
8.860759493670886111e-02
4.651162790697673660e-02
5.665722379603398140e-02
7.615894039735099375e-02
8.421052631578945791e-02
1.540469973890339350e-01
1.219512195121951435e-02
3.424657534246575152e-02
9.328358208955224440e-02
6.249999999999998612e-02
9.174311926605503362e-03
3.966480446927374004e-01
9.826589595375721797e-02
9.826589595375721797e-02
9.328358208955224440e-02
1.290322580645161255e-01
1.115879828326180392e-02
1.290322580645161255e-01
1.867469879518073028e-01
1.867469879518073028e-01
1.290322580645161255e-01
1.747851002865329906e-01
5.950653120464440005e-02
2.912621359223301065e-02
8.006814310051105221e-02
1.153846153846154049e-01
8.421052631578945791e-02
3.800475059382423665e-02
1.867469879518073028e-01
1.912045889101338103e-02
1.092783505154639179e-01
1.540469973890339350e-01
1.115879828326180392e-02
1.092783505154639179e-01
1.540469973890339350e-01
1.153846153846154049e-01
2.601456815816857726e-02
4.887714663143989668e-02
1.153846153846154049e-01
1.153846153846154049e-01
2.147651006711409627e-01
1.290322580645161255e-01
5.394190871369293483e-02
1.115879828326180392e-02
8.421052631578945791e-02
1.999999999999999833e-01
1.153846153846154049e-01
9.328358208955224440e-02
3.999999999999999389e-02
8.006814310051105221e-02
2.453987730061349404e-02
1.747851002865329906e-01
1.639344262295082122e-01
4.444444444444440867e-01
1.219512195121951435e-02
1.540469973890339350e-01
7.615894039735099375e-02
9.826589595375721797e-02
1.450000000000000455e-01
1.999999999999999833e-01
4.887714663143989668e-02
1.219512195121951054e-01
5.950653120464440005e-02
1.747851002865329906e-01
5.394190871369293483e-02
5.135135135135134726e-02
2.601456815816857726e-02
1.219512195121951435e-02
1.999999999999999833e-01
5.950653120464440005e-02
2.912621359223301065e-02
1.115879828326180392e-02
3.571428571428570398e-01
1.015228426395939181e-02
6.249999999999998612e-02
1.540469973890339350e-01
5.135135135135134726e-02
3.076923076923077094e-02
8.421052631578945791e-02
3.247480403135499100e-02
6.896551724137929551e-02
1.666666666666666644e-02
1.747851002865329906e-01
8.421052631578945791e-02
9.826589595375721797e-02
1.666666666666666644e-02
3.800475059382423665e-02
2.601456815816857726e-02
4.651162790697673660e-02
1.290322580645161255e-01
6.249999999999998612e-02
4.887714663143989668e-02
1.747851002865329906e-01
5.135135135135134726e-02
1.092783505154639179e-01
1.999999999999999833e-01
9.174311926605503362e-03
1.436265709156193948e-02
2.712550607287448901e-01
3.608847497089640033e-02
1.999999999999999833e-01
7.246376811594201772e-02
6.564885496183205105e-02
2.912621359223301065e-02
9.826589595375721797e-02
1.153846153846154049e-01
6.896551724137929551e-02
1.219512195121951054e-01
6.249999999999998612e-02
4.207920792079207495e-02
9.826589595375721797e-02
1.219512195121951054e-01
8.421052631578945791e-02
3.608847497089640033e-02
1.747851002865329906e-01
7.246376811594201772e-02
1.219512195121951435e-02
4.887714663143989668e-02
6.896551724137929551e-02
1.450000000000000455e-01
6.756756756756757687e-01
6.896551724137929551e-02
6.564885496183205105e-02
9.328358208955224440e-02
1.153846153846154049e-01
2.601456815816857726e-02
9.328358208955224440e-02
1.366906474820143991e-01
1.153846153846154049e-01
7.615894039735099375e-02
7.615894039735099375e-02
7.615894039735099375e-02
9.826589595375721797e-02
5.135135135135134726e-02
1.092783505154639179e-01
1.747851002865329906e-01
1.540469973890339350e-01
1.219512195121951054e-01
1.450000000000000455e-01
8.421052631578945791e-02
3.076923076923077094e-02
1.219512195121951054e-01
3.239436619718308319e-01
3.247480403135499100e-02
1.153846153846154049e-01
7.615894039735099375e-02
1.035856573705179196e-01
8.006814310051105221e-02
4.207920792079207495e-02
4.424778761061946841e-02
1.153846153846154049e-01
7.615894039735099375e-02
1.219512195121951054e-01
1.153846153846154049e-01
3.076923076923077094e-02
6.249999999999998612e-02
9.328358208955224440e-02
6.896551724137929551e-02
6.564885496183205105e-02
1.290322580645161255e-01
1.326259946949602357e-02
1.999999999999999833e-01
1.450000000000000455e-01
9.328358208955224440e-02
4.887714663143989668e-02
1.153846153846154049e-01
9.174311926605503362e-03
1.747851002865329906e-01
1.035856573705179196e-01
4.887714663143989668e-02
4.424778761061946841e-02
1.999999999999999833e-01
4.424778761061946841e-02
1.092783505154639179e-01
1.450000000000000455e-01
6.564885496183205105e-02
1.366906474820143991e-01
2.912621359223301065e-02
8.006814310051105221e-02
3.076923076923077094e-02
5.394190871369293483e-02
6.564885496183205105e-02
5.950653120464440005e-02
8.006814310051105221e-02
1.115879828326180392e-02
1.219512195121951435e-02
1.092783505154639179e-01
1.153846153846154049e-01
8.860759493670886111e-02
1.912045889101338103e-02
9.328358208955224440e-02
5.665722379603398140e-02
1.153846153846154049e-01
5.950653120464440005e-02
1.366906474820143991e-01
5.394190871369293483e-02
4.207920792079207495e-02
3.999999999999999389e-02
8.421052631578945791e-02
1.450000000000000455e-01
1.035856573705179196e-01
1.035856573705179196e-01
1.639344262295082122e-01
3.424657534246575152e-02
1.540469973890339350e-01
2.173913043478260462e-02
5.394190871369293483e-02
1.035856573705179196e-01
9.826589595375721797e-02
5.394190871369293483e-02
1.436265709156193948e-02
2.311557788944723635e-02
6.400000000000001174e-03
3.999999999999999389e-02
6.249999999999998612e-02
8.006814310051105221e-02
9.328358208955224440e-02
8.860759493670886111e-02
1.450000000000000455e-01
1.219512195121951054e-01
8.421052631578945791e-02
3.608847497089640033e-02
2.453987730061349404e-02
4.424778761061946841e-02
1.092783505154639179e-01
3.247480403135499100e-02
1.366906474820143991e-01
4.207920792079207495e-02
1.540469973890339350e-01
1.540469973890339350e-01
1.450000000000000455e-01
8.421052631578945791e-02
1.153846153846154049e-01
5.665722379603398140e-02
4.651162790697673660e-02
4.424778761061946841e-02
1.153846153846154049e-01
8.421052631578945791e-02
3.999999999999999389e-02
4.887714663143989668e-02
6.249999999999998612e-02
9.826589595375721797e-02
1.450000000000000455e-01
1.639344262295082122e-01
1.639344262295082122e-01
6.564885496183205105e-02
1.666666666666666644e-02
1.540469973890339350e-01
1.999999999999999833e-01
1.219512195121951435e-02
8.421052631578945791e-02
7.615894039735099375e-02
1.450000000000000455e-01
1.450000000000000455e-01
8.223684210526315333e-03
1.366906474820143991e-01
3.424657534246575152e-02
1.219512195121951054e-01
9.328358208955224440e-02
2.712550607287448901e-01
8.006814310051105221e-02
1.290322580645161255e-01
1.639344262295082122e-01
1.436265709156193948e-02
3.966480446927374004e-01
7.615894039735099375e-02
1.092783505154639179e-01
1.540469973890339350e-01
4.651162790697673660e-02
8.421052631578945791e-02
4.424778761061946841e-02
8.006814310051105221e-02
1.540469973890339350e-01
1.366906474820143991e-01
2.173913043478260462e-02
1.639344262295082122e-01
2.147651006711409627e-01
1.912045889101338103e-02
1.035856573705179196e-01
6.249999999999998612e-02
5.950653120464440005e-02
3.571428571428570398e-01
1.290322580645161255e-01
1.092783505154639179e-01
1.999999999999999833e-01
5.665722379603398140e-02
3.239436619718308319e-01
8.421052631578945791e-02
1.540469973890339350e-01
1.549680948040109245e-02
8.860759493670886111e-02
7.615894039735099375e-02
2.499999999999999167e-01
4.207920792079207495e-02
8.860759493670886111e-02
1.867469879518073028e-01
5.950653120464440005e-02
4.207920792079207495e-02
4.207920792079207495e-02
1.115879828326180392e-02
1.092783505154639179e-01
1.219512195121951054e-01
1.639344262295082122e-01
1.999999999999999833e-01
9.328358208955224440e-02
7.615894039735099375e-02
6.564885496183205105e-02
7.615894039735099375e-02
4.651162790697673660e-02
5.394190871369293483e-02
6.249999999999998612e-02
9.328358208955224440e-02
8.006814310051105221e-02
4.424778761061946841e-02
3.800475059382423665e-02
6.564885496183205105e-02
6.896551724137929551e-02
6.564885496183205105e-02
7.246376811594201772e-02
1.450000000000000455e-01
6.249999999999998612e-02
1.999999999999999833e-01
8.860759493670886111e-02
1.540469973890339350e-01
1.450000000000000455e-01
3.424657534246575152e-02
5.665722379603398140e-02
4.651162790697673660e-02
1.290322580645161255e-01
6.249999999999998612e-02
5.135135135135134726e-02
2.173913043478260462e-02
1.219512195121951054e-01
7.615894039735099375e-02
8.860759493670886111e-02
9.328358208955224440e-02
1.999999999999999833e-01
8.421052631578945791e-02
8.421052631578945791e-02
2.601456815816857726e-02
9.826589595375721797e-02
1.035856573705179196e-01
1.540469973890339350e-01
1.366906474820143991e-01
3.239436619718308319e-01
1.219512195121951054e-01
9.328358208955224440e-02
1.092783505154639179e-01
3.239436619718308319e-01
1.366906474820143991e-01
8.006814310051105221e-02
4.207920792079207495e-02
8.421052631578945791e-02
4.887714663143989668e-02
1.999999999999999833e-01
1.092783505154639179e-01
1.639344262295082122e-01
9.826589595375721797e-02
1.290322580645161255e-01
3.247480403135499100e-02
8.421052631578945791e-02
9.328358208955224440e-02
6.896551724137929551e-02
8.860759493670886111e-02
9.328358208955224440e-02
1.219512195121951435e-02
8.421052631578945791e-02
4.887714663143989668e-02
8.085106382978713979e-01
1.867469879518073028e-01
8.421052631578945791e-02
2.601456815816857726e-02
5.665722379603398140e-02
1.540469973890339350e-01
6.896551724137929551e-02
8.006814310051105221e-02
2.040816326530612082e-02
1.290322580645161255e-01
1.219512195121951435e-02
1.035856573705179196e-01
7.615894039735099375e-02
6.896551724137929551e-02
1.867469879518073028e-01
1.092783505154639179e-01
6.249999999999998612e-02
1.450000000000000455e-01
5.665722379603398140e-02
1.219512195121951435e-02
1.153846153846154049e-01
3.999999999999999389e-02
1.867469879518073028e-01
6.896551724137929551e-02
1.153846153846154049e-01
4.887714663143989668e-02
1.366906474820143991e-01
8.860759493670886111e-02
1.153846153846154049e-01
8.860759493670886111e-02
9.328358208955224440e-02
1.219512195121951054e-01
6.249999999999998612e-02
1.153846153846154049e-01
7.615894039735099375e-02
4.207920792079207495e-02
9.826589595375721797e-02
1.219512195121951435e-02
1.867469879518073028e-01
3.999999999999999389e-02
8.860759493670886111e-02
3.571428571428570398e-01
7.246376811594201772e-02
6.896551724137929551e-02
6.249999999999998612e-02
4.424778761061946841e-02
1.326259946949602357e-02
8.421052631578945791e-02
4.651162790697673660e-02
1.219512195121951435e-02
1.035856573705179196e-01
7.299270072992700489e-03
8.860759493670886111e-02
8.860759493670886111e-02
5.950653120464440005e-02
5.950653120464440005e-02
5.665722379603398140e-02
3.076923076923077094e-02
5.135135135135134726e-02
1.867469879518073028e-01
1.092783505154639179e-01
1.326259946949602357e-02
8.421052631578945791e-02
1.035856573705179196e-01
9.826589595375721797e-02
9.826589595375721797e-02
1.540469973890339350e-01
5.665722379603398140e-02
4.207920792079207495e-02
2.499999999999999167e-01
7.246376811594201772e-02
5.394190871369293483e-02
1.035856573705179196e-01
2.912621359223301065e-02
3.800475059382423665e-02
1.092783505154639179e-01
2.453987730061349404e-02
6.249999999999998612e-02
9.328358208955224440e-02
8.860759493670886111e-02
1.999999999999999833e-01
1.867469879518073028e-01
5.135135135135134726e-02
7.615894039735099375e-02
7.246376811594201772e-02
7.246376811594201772e-02
5.665722379603398140e-02
5.394190871369293483e-02
5.665722379603398140e-02
4.444444444444440867e-01
2.147651006711409627e-01
6.896551724137929551e-02
1.115879828326180392e-02
1.540469973890339350e-01
7.615894039735099375e-02
1.747851002865329906e-01
1.867469879518073028e-01
6.564885496183205105e-02
5.665722379603398140e-02
5.665722379603398140e-02
1.035856573705179196e-01
1.450000000000000455e-01
1.219512195121951435e-02
4.887714663143989668e-02
4.424778761061946841e-02
9.826589595375721797e-02
8.860759493670886111e-02
6.249999999999998612e-02
6.564885496183205105e-02
5.394190871369293483e-02
3.999999999999999389e-02
1.450000000000000455e-01
6.564885496183205105e-02
6.564885496183205105e-02
9.826589595375721797e-02
7.615894039735099375e-02
1.092783505154639179e-01
4.424778761061946841e-02
6.249999999999998612e-02
1.867469879518073028e-01
5.394190871369293483e-02
8.006814310051105221e-02
3.076923076923077094e-02
1.035856573705179196e-01
7.246376811594201772e-02
1.153846153846154049e-01
6.896551724137929551e-02
2.313167259786475805e-01
1.639344262295082122e-01
5.665722379603398140e-02
9.826589595375721797e-02
5.665722379603398140e-02
3.424657534246575152e-02
1.326259946949602357e-02
1.035856573705179196e-01
6.896551724137929551e-02
9.328358208955224440e-02
1.035856573705179196e-01
1.290322580645161255e-01
1.015228426395939181e-02
9.826589595375721797e-02
1.153846153846154049e-01
1.450000000000000455e-01
8.421052631578945791e-02
7.615894039735099375e-02
1.540469973890339350e-01
2.499999999999999167e-01
2.147651006711409627e-01
2.956521739130432702e-01
1.540469973890339350e-01
8.860759493670886111e-02
1.035856573705179196e-01
1.219512195121951054e-01
6.249999999999998612e-02
1.540469973890339350e-01
1.540469973890339350e-01
4.424778761061946841e-02
1.639344262295082122e-01
1.666666666666666644e-02
1.219512195121951054e-01
1.035856573705179196e-01
5.665722379603398140e-02
9.826589595375721797e-02
4.207920792079207495e-02
4.207920792079207495e-02
2.311557788944723635e-02
4.207920792079207495e-02
1.092783505154639179e-01
1.540469973890339350e-01
1.366906474820143991e-01
5.135135135135134726e-02
1.326259946949602357e-02
5.665722379603398140e-02
7.246376811594201772e-02
6.249999999999998612e-02
1.219512195121951054e-01
1.092783505154639179e-01
4.444444444444440867e-01
4.651162790697673660e-02
1.999999999999999833e-01
3.608847497089640033e-02
3.999999999999999389e-02
1.999999999999999833e-01
1.035856573705179196e-01
1.540469973890339350e-01
1.450000000000000455e-01
6.896551724137929551e-02
2.311557788944723635e-02
1.035856573705179196e-01
8.860759493670886111e-02
8.006814310051105221e-02
8.006814310051105221e-02
1.326259946949602357e-02
1.035856573705179196e-01
1.035856573705179196e-01
1.092783505154639179e-01
1.219512195121951054e-01
1.219512195121951054e-01
6.249999999999998612e-02
1.540469973890339350e-01
8.006814310051105221e-02
1.092783505154639179e-01
4.424778761061946841e-02
8.006814310051105221e-02
5.950653120464440005e-02
6.896551724137929551e-02
1.867469879518073028e-01
7.246376811594201772e-02
1.219512195121951054e-01
1.326259946949602357e-02
8.860759493670886111e-02
4.424778761061946841e-02
1.639344262295082122e-01
2.040816326530612082e-02
9.826589595375721797e-02
1.219512195121951054e-01
4.207920792079207495e-02
1.366906474820143991e-01
5.665722379603398140e-02
1.366906474820143991e-01
1.092783505154639179e-01
5.135135135135134726e-02
1.290322580645161255e-01
6.564885496183205105e-02
4.651162790697673660e-02
6.564885496183205105e-02
1.092783505154639179e-01
2.601456815816857726e-02
8.006814310051105221e-02
9.826589595375721797e-02
8.421052631578945791e-02
8.006814310051105221e-02
1.912045889101338103e-02
6.564885496183205105e-02
2.311557788944723635e-02
1.035856573705179196e-01
5.135135135135134726e-02
1.999999999999999833e-01
8.006814310051105221e-02
5.665722379603398140e-02
2.147651006711409627e-01
3.800475059382423665e-02
5.394190871369293483e-02
5.135135135135134726e-02
1.290322580645161255e-01
2.912621359223301065e-02
1.450000000000000455e-01
4.887714663143989668e-02
1.015228426395939181e-02
5.950653120464440005e-02
1.450000000000000455e-01
9.826589595375721797e-02
1.747851002865329906e-01
1.092783505154639179e-01
8.006814310051105221e-02
1.366906474820143991e-01
3.424657534246575152e-02
9.826589595375721797e-02
7.615894039735099375e-02
1.035856573705179196e-01
5.665722379603398140e-02
1.219512195121951054e-01
1.867469879518073028e-01
5.135135135135134726e-02
1.219512195121951054e-01
5.394190871369293483e-02
1.092783505154639179e-01
1.867469879518073028e-01
1.153846153846154049e-01
3.608847497089640033e-02
1.035856573705179196e-01
1.290322580645161255e-01
1.290322580645161255e-01
8.006814310051105221e-02
5.950653120464440005e-02
4.424778761061946841e-02
8.860759493670886111e-02
8.860759493670886111e-02
6.249999999999998612e-02
4.424778761061946841e-02
9.328358208955224440e-02
2.311557788944723635e-02
8.006814310051105221e-02
1.115879828326180392e-02
8.085106382978713979e-01
1.219512195121951054e-01
1.115879828326180392e-02
1.867469879518073028e-01
2.313167259786475805e-01
6.756756756756757687e-01
8.006814310051105221e-02
7.615894039735099375e-02
1.747851002865329906e-01
5.135135135135134726e-02
2.754237288135593514e-02
1.035856573705179196e-01
1.219512195121951054e-01
1.219512195121951054e-01
2.912621359223301065e-02
6.249999999999998612e-02
1.999999999999999833e-01
7.246376811594201772e-02
3.247480403135499100e-02
1.219512195121951054e-01
5.950653120464440005e-02
1.290322580645161255e-01
1.450000000000000455e-01
8.421052631578945791e-02
8.860759493670886111e-02
1.639344262295082122e-01
9.328358208955224440e-02
2.313167259786475805e-01
1.015228426395939181e-02
7.615894039735099375e-02
2.313167259786475805e-01
7.615894039735099375e-02
7.246376811594201772e-02
2.754237288135593514e-02
1.035856573705179196e-01
3.247480403135499100e-02
6.896551724137929551e-02
9.328358208955224440e-02
4.887714663143989668e-02
2.173913043478260462e-02
1.092783505154639179e-01
1.540469973890339350e-01
1.450000000000000455e-01
1.290322580645161255e-01
9.328358208955224440e-02
8.860759493670886111e-02
1.219512195121951054e-01
1.290322580645161255e-01
4.651162790697673660e-02
1.219512195121951054e-01
9.174311926605503362e-03
8.421052631578945791e-02
9.826589595375721797e-02
9.328358208955224440e-02
1.153846153846154049e-01
6.896551724137929551e-02
1.639344262295082122e-01
1.999999999999999833e-01
9.328358208955224440e-02
9.826589595375721797e-02
2.453987730061349404e-02
1.450000000000000455e-01
1.639344262295082122e-01
1.153846153846154049e-01
1.219512195121951054e-01
3.999999999999999389e-02
3.999999999999999389e-02
1.153846153846154049e-01
1.035856573705179196e-01
3.571428571428570398e-01
1.092783505154639179e-01
9.826589595375721797e-02
2.712550607287448901e-01
1.290322580645161255e-01
1.153846153846154049e-01
1.366906474820143991e-01
7.615894039735099375e-02
7.246376811594201772e-02
1.219512195121951054e-01
3.239436619718308319e-01
1.326259946949602357e-02
8.421052631578945791e-02
8.006814310051105221e-02
5.135135135135134726e-02
5.394190871369293483e-02
4.424778761061946841e-02
4.207920792079207495e-02
4.424778761061946841e-02
1.219512195121951054e-01
5.394190871369293483e-02
1.999999999999999833e-01
6.249999999999998612e-02
7.246376811594201772e-02
6.896551724137929551e-02
1.219512195121951054e-01
8.006814310051105221e-02
2.313167259786475805e-01
5.665722379603398140e-02
4.887714663143989668e-02
1.035856573705179196e-01
5.135135135135134726e-02
1.219512195121951054e-01
1.153846153846154049e-01
2.173913043478260462e-02
1.747851002865329906e-01
1.290322580645161255e-01
2.040816326530612082e-02
4.207920792079207495e-02
1.290322580645161255e-01
6.249999999999998612e-02
1.290322580645161255e-01
1.092783505154639179e-01
3.800475059382423665e-02
4.444444444444440867e-01
6.896551724137929551e-02
1.290322580645161255e-01
1.290322580645161255e-01
1.035856573705179196e-01
3.800475059382423665e-02
1.540469973890339350e-01
2.147651006711409627e-01
8.860759493670886111e-02
6.564885496183205105e-02
3.608847497089640033e-02
5.665722379603398140e-02
3.608847497089640033e-02
3.247480403135499100e-02
1.153846153846154049e-01
3.608847497089640033e-02
2.499999999999999167e-01
1.290322580645161255e-01
8.421052631578945791e-02
1.450000000000000455e-01
1.450000000000000455e-01
1.366906474820143991e-01
1.153846153846154049e-01
1.540469973890339350e-01
5.665722379603398140e-02
5.665722379603398140e-02
8.006814310051105221e-02
1.035856573705179196e-01
1.540469973890339350e-01
1.290322580645161255e-01
1.153846153846154049e-01
9.826589595375721797e-02
3.999999999999999389e-02
1.450000000000000455e-01
5.665722379603398140e-02
1.867469879518073028e-01
9.826589595375721797e-02
1.912045889101338103e-02
1.450000000000000455e-01
1.639344262295082122e-01
1.747851002865329906e-01
1.035856573705179196e-01
1.867469879518073028e-01
1.366906474820143991e-01
6.564885496183205105e-02
3.608847497089640033e-02
3.999999999999999389e-02
1.366906474820143991e-01
6.896551724137929551e-02
5.665722379603398140e-02
1.035856573705179196e-01
2.040816326530612082e-02
1.999999999999999833e-01
8.421052631578945791e-02
5.135135135135134726e-02
1.450000000000000455e-01
1.035856573705179196e-01
1.450000000000000455e-01
6.564885496183205105e-02
4.887714663143989668e-02
4.424778761061946841e-02
1.219512195121951054e-01
6.896551724137929551e-02
1.035856573705179196e-01
6.564885496183205105e-02
1.747851002865329906e-01
4.887714663143989668e-02
1.290322580645161255e-01
1.153846153846154049e-01
2.173913043478260462e-02
1.747851002865329906e-01
6.564885496183205105e-02
7.615894039735099375e-02
9.826589595375721797e-02
4.887714663143989668e-02
1.035856573705179196e-01
1.540469973890339350e-01
9.826589595375721797e-02
3.608847497089640033e-02
1.153846153846154049e-01
2.912621359223301065e-02
1.450000000000000455e-01
5.394190871369293483e-02
1.450000000000000455e-01
1.450000000000000455e-01
1.366906474820143991e-01
6.564885496183205105e-02
1.747851002865329906e-01
2.712550607287448901e-01
2.912621359223301065e-02
5.394190871369293483e-02
3.239436619718308319e-01
7.615894039735099375e-02
1.092783505154639179e-01
5.781249999999997780e-01
1.035856573705179196e-01
1.639344262295082122e-01
1.450000000000000455e-01
6.249999999999998612e-02
7.246376811594201772e-02
1.999999999999999833e-01
4.887714663143989668e-02
1.450000000000000455e-01
3.608847497089640033e-02
6.896551724137929551e-02
7.246376811594201772e-02
2.313167259786475805e-01
5.950653120464440005e-02
1.290322580645161255e-01
7.615894039735099375e-02
1.366906474820143991e-01
1.219512195121951054e-01
2.173913043478260462e-02
8.860759493670886111e-02
8.006814310051105221e-02
2.453987730061349404e-02
7.615894039735099375e-02
4.887714663143989668e-02
3.247480403135499100e-02
5.034482758620686393e-01
4.887714663143989668e-02
1.999999999999999833e-01
9.826589595375721797e-02
9.328358208955224440e-02
5.665722379603398140e-02
1.153846153846154049e-01
8.860759493670886111e-02
5.394190871369293483e-02
1.092783505154639179e-01
9.826589595375721797e-02
1.540469973890339350e-01
8.860759493670886111e-02
1.867469879518073028e-01
5.665722379603398140e-02
1.290322580645161255e-01
7.246376811594201772e-02
5.135135135135134726e-02
1.153846153846154049e-01
3.239436619718308319e-01
2.173913043478260462e-02
9.328358208955224440e-02
8.860759493670886111e-02
2.499999999999999167e-01
5.665722379603398140e-02
5.665722379603398140e-02
1.290322580645161255e-01
1.639344262295082122e-01
1.436265709156193948e-02
6.564885496183205105e-02
1.153846153846154049e-01
1.035856573705179196e-01
8.006814310051105221e-02
2.311557788944723635e-02
9.328358208955224440e-02
1.219512195121951054e-01
2.956521739130432702e-01
6.564885496183205105e-02
1.290322580645161255e-01
1.999999999999999833e-01
1.867469879518073028e-01
1.219512195121951054e-01
8.421052631578945791e-02
1.549680948040109245e-02
3.247480403135499100e-02
8.421052631578945791e-02
5.135135135135134726e-02
1.540469973890339350e-01
5.394190871369293483e-02
5.394190871369293483e-02
4.651162790697673660e-02
1.366906474820143991e-01
7.615894039735099375e-02
1.092783505154639179e-01
1.153846153846154049e-01
1.912045889101338103e-02
8.421052631578945791e-02
2.311557788944723635e-02
1.867469879518073028e-01
1.092783505154639179e-01
1.666666666666666644e-02
6.249999999999998612e-02
1.366906474820143991e-01
8.006814310051105221e-02
6.249999999999998612e-02
3.424657534246575152e-02
3.608847497089640033e-02
3.800475059382423665e-02
4.424778761061946841e-02
