1.793313069908813728e-01
1.793313069908813728e-01
1.304347826086956486e-01
7.936507936507936067e-02
1.160714285714285754e-01
2.863436123348017115e-01
2.067796610169491400e-01
1.923076923076923461e-01
1.923076923076923461e-01
1.385390428211586422e-01
6.456692913385826682e-02
1.304347826086956486e-01
1.676300578034681799e-01
2.622950819672131839e-01
8.818011257035646144e-02
7.534246575342466723e-02
1.037344398340249024e-01
5.539358600583089987e-02
4.280155642023346363e-02
1.473684210526315652e-01
2.863436123348017115e-01
3.863636363636363535e-01
2.230215827338128676e-01
1.229698375870069277e-01
2.413793103448275690e-01
1.229698375870069277e-01
9.819639278557112938e-02
1.473684210526315652e-01
1.385390428211586422e-01
2.413793103448275690e-01
1.304347826086956486e-01
1.229698375870069277e-01
3.471502590673573585e-01
9.302325581395350096e-02
1.037344398340249024e-01
1.473684210526315652e-01
1.473684210526315652e-01
2.067796610169491400e-01
7.936507936507936067e-02
1.676300578034681799e-01
1.096774193548386983e-01
2.230215827338128676e-01
1.229698375870069277e-01
2.230215827338128676e-01
2.067796610169491400e-01
1.570247933884297564e-01
1.037344398340249024e-01
2.230215827338128676e-01
2.863436123348017115e-01
9.819639278557112938e-02
2.863436123348017115e-01
1.304347826086956486e-01
1.385390428211586422e-01
2.622950819672131839e-01
8.363636363636361981e-02
1.304347826086956486e-01
4.748982360922659324e-02
7.154742096505821436e-02
1.229698375870069277e-01
8.363636363636361981e-02
7.154742096505821436e-02
6.796116504854368690e-02
4.748982360922659324e-02
1.923076923076923461e-01
7.534246575342466723e-02
1.793313069908813728e-01
8.818011257035646144e-02
2.230215827338128676e-01
1.676300578034681799e-01
1.923076923076923461e-01
1.473684210526315652e-01
2.230215827338128676e-01
1.385390428211586422e-01
1.570247933884297564e-01
9.302325581395350096e-02
3.142857142857143349e-01
1.676300578034681799e-01
1.570247933884297564e-01
1.676300578034681799e-01
1.676300578034681799e-01
1.676300578034681799e-01
6.456692913385826682e-02
2.622950819672131839e-01
1.676300578034681799e-01
2.230215827338128676e-01
8.363636363636361981e-02
5.679999999999995053e-01
1.923076923076923461e-01
1.096774193548386983e-01
8.363636363636361981e-02
1.473684210526315652e-01
1.923076923076923461e-01
9.819639278557112938e-02
5.539358600583089987e-02
1.304347826086956486e-01
7.936507936507936067e-02
1.793313069908813728e-01
2.413793103448275690e-01
1.793313069908813728e-01
7.936507936507936067e-02
2.067796610169491400e-01
1.676300578034681799e-01
1.160714285714285754e-01
2.413793103448275690e-01
1.096774193548386983e-01
1.793313069908813728e-01
2.622950819672131839e-01
1.160714285714285754e-01
9.302325581395350096e-02
1.923076923076923461e-01
6.796116504854368690e-02
1.385390428211586422e-01
1.676300578034681799e-01
4.748982360922659324e-02
6.456692913385826682e-02
1.304347826086956486e-01
1.229698375870069277e-01
1.037344398340249024e-01
2.413793103448275690e-01
9.302325581395350096e-02
6.456692913385826682e-02
2.230215827338128676e-01
1.676300578034681799e-01
2.067796610169491400e-01
1.570247933884297564e-01
7.534246575342466723e-02
1.570247933884297564e-01
1.473684210526315652e-01
7.154742096505821436e-02
8.363636363636361981e-02
1.676300578034681799e-01
2.067796610169491400e-01
1.570247933884297564e-01
2.230215827338128676e-01
1.923076923076923461e-01
2.067796610169491400e-01
1.037344398340249024e-01
1.676300578034681799e-01
1.037344398340249024e-01
1.793313069908813728e-01
4.509283819628647633e-02
5.263157894736841813e-02
1.923076923076923461e-01
2.413793103448275690e-01
1.160714285714285754e-01
1.096774193548386983e-01
2.863436123348017115e-01
2.230215827338128676e-01
1.385390428211586422e-01
7.936507936507936067e-02
3.142857142857143349e-01
1.160714285714285754e-01
7.154742096505821436e-02
1.793313069908813728e-01
8.818011257035646144e-02
1.793313069908813728e-01
1.473684210526315652e-01
9.302325581395350096e-02
8.363636363636361981e-02
7.936507936507936067e-02
1.793313069908813728e-01
1.570247933884297564e-01
8.363636363636361981e-02
6.134969325153374897e-02
2.413793103448275690e-01
1.793313069908813728e-01
1.160714285714285754e-01
4.509283819628647633e-02
2.863436123348017115e-01
6.456692913385826682e-02
9.302325581395350096e-02
1.676300578034681799e-01
1.570247933884297564e-01
9.302325581395350096e-02
7.534246575342466723e-02
1.304347826086956486e-01
6.134969325153374897e-02
9.819639278557112938e-02
1.676300578034681799e-01
1.385390428211586422e-01
1.923076923076923461e-01
6.796116504854368690e-02
1.160714285714285754e-01
9.302325581395350096e-02
1.385390428211586422e-01
1.473684210526315652e-01
7.534246575342466723e-02
1.473684210526315652e-01
3.471502590673573585e-01
3.649635036496350765e-02
9.302325581395350096e-02
1.037344398340249024e-01
5.000000000000000278e-02
1.570247933884297564e-01
1.160714285714285754e-01
9.302325581395350096e-02
1.229698375870069277e-01
2.230215827338128676e-01
1.385390428211586422e-01
2.863436123348017115e-01
1.473684210526315652e-01
7.534246575342466723e-02
9.819639278557112938e-02
2.067796610169491400e-01
2.413793103448275690e-01
1.570247933884297564e-01
2.863436123348017115e-01
1.473684210526315652e-01
3.142857142857143349e-01
6.456692913385826682e-02
1.473684210526315652e-01
1.923076923076923461e-01
1.793313069908813728e-01
9.819639278557112938e-02
8.818011257035646144e-02
7.154742096505821436e-02
1.473684210526315652e-01
1.923076923076923461e-01
1.304347826086956486e-01
7.154742096505821436e-02
1.096774193548386983e-01
6.796116504854368690e-02
1.473684210526315652e-01
7.154742096505821436e-02
8.818011257035646144e-02
1.473684210526315652e-01
5.000000000000000278e-02
1.473684210526315652e-01
6.456692913385826682e-02
9.819639278557112938e-02
1.385390428211586422e-01
1.570247933884297564e-01
1.385390428211586422e-01
7.534246575342466723e-02
1.676300578034681799e-01
1.676300578034681799e-01
9.819639278557112938e-02
1.037344398340249024e-01
1.923076923076923461e-01
1.793313069908813728e-01
8.818011257035646144e-02
1.385390428211586422e-01
1.096774193548386983e-01
1.676300578034681799e-01
1.385390428211586422e-01
9.819639278557112938e-02
1.923076923076923461e-01
1.570247933884297564e-01
1.570247933884297564e-01
2.622950819672131839e-01
1.304347826086956486e-01
1.385390428211586422e-01
1.570247933884297564e-01
1.473684210526315652e-01
1.473684210526315652e-01
2.622950819672131839e-01
5.000000000000000278e-02
8.363636363636361981e-02
1.385390428211586422e-01
9.819639278557112938e-02
3.863636363636363535e-01
2.230215827338128676e-01
2.413793103448275690e-01
5.263157894736841813e-02
1.923076923076923461e-01
1.304347826086956486e-01
1.096774193548386983e-01
1.570247933884297564e-01
2.230215827338128676e-01
1.923076923076923461e-01
9.819639278557112938e-02
1.793313069908813728e-01
6.134969325153374897e-02
1.160714285714285754e-01
6.134969325153374897e-02
1.229698375870069277e-01
8.818011257035646144e-02
5.829596412556051904e-02
8.818011257035646144e-02
1.473684210526315652e-01
3.142857142857143349e-01
5.539358600583089987e-02
1.304347826086956486e-01
1.923076923076923461e-01
1.385390428211586422e-01
2.622950819672131839e-01
1.385390428211586422e-01
1.793313069908813728e-01
8.818011257035646144e-02
4.280155642023346363e-02
1.037344398340249024e-01
1.385390428211586422e-01
1.385390428211586422e-01
1.229698375870069277e-01
6.456692913385826682e-02
5.000000000000000278e-02
1.037344398340249024e-01
9.819639278557112938e-02
6.134969325153374897e-02
1.385390428211586422e-01
1.923076923076923461e-01
1.676300578034681799e-01
2.413793103448275690e-01
1.304347826086956486e-01
1.385390428211586422e-01
1.473684210526315652e-01
7.936507936507936067e-02
1.570247933884297564e-01
1.676300578034681799e-01
1.570247933884297564e-01
1.037344398340249024e-01
1.793313069908813728e-01
1.473684210526315652e-01
1.570247933884297564e-01
1.037344398340249024e-01
1.676300578034681799e-01
8.818011257035646144e-02
9.819639278557112938e-02
1.229698375870069277e-01
7.534246575342466723e-02
5.829596412556051904e-02
2.863436123348017115e-01
1.793313069908813728e-01
9.302325581395350096e-02
6.796116504854368690e-02
1.160714285714285754e-01
8.818011257035646144e-02
8.818011257035646144e-02
5.539358600583089987e-02
1.923076923076923461e-01
7.936507936507936067e-02
2.413793103448275690e-01
2.413793103448275690e-01
5.539358600583089987e-02
1.304347826086956486e-01
7.534246575342466723e-02
3.471502590673573585e-01
1.570247933884297564e-01
1.160714285714285754e-01
1.385390428211586422e-01
1.676300578034681799e-01
1.385390428211586422e-01
9.819639278557112938e-02
5.829596412556051904e-02
2.230215827338128676e-01
1.096774193548386983e-01
7.534246575342466723e-02
5.263157894736841813e-02
1.923076923076923461e-01
3.142857142857143349e-01
6.796116504854368690e-02
1.096774193548386983e-01
5.000000000000000278e-02
1.229698375870069277e-01
2.863436123348017115e-01
1.385390428211586422e-01
1.676300578034681799e-01
2.067796610169491400e-01
8.363636363636361981e-02
9.819639278557112938e-02
1.570247933884297564e-01
3.471502590673573585e-01
6.796116504854368690e-02
8.363636363636361981e-02
5.539358600583089987e-02
1.304347826086956486e-01
1.570247933884297564e-01
2.413793103448275690e-01
1.229698375870069277e-01
7.936507936507936067e-02
1.923076923076923461e-01
2.230215827338128676e-01
8.363636363636361981e-02
5.000000000000000278e-02
1.385390428211586422e-01
6.134969325153374897e-02
1.229698375870069277e-01
1.096774193548386983e-01
9.302325581395350096e-02
2.413793103448275690e-01
1.676300578034681799e-01
1.923076923076923461e-01
9.819639278557112938e-02
1.676300578034681799e-01
2.413793103448275690e-01
8.363636363636361981e-02
1.923076923076923461e-01
3.142857142857143349e-01
2.230215827338128676e-01
1.096774193548386983e-01
1.473684210526315652e-01
1.096774193548386983e-01
1.037344398340249024e-01
1.473684210526315652e-01
1.676300578034681799e-01
2.622950819672131839e-01
2.230215827338128676e-01
5.000000000000000278e-02
1.676300578034681799e-01
2.622950819672131839e-01
6.796116504854368690e-02
1.923076923076923461e-01
2.413793103448275690e-01
1.096774193548386983e-01
9.302325581395350096e-02
2.413793103448275690e-01
1.923076923076923461e-01
1.304347826086956486e-01
1.037344398340249024e-01
1.570247933884297564e-01
1.385390428211586422e-01
5.829596412556051904e-02
1.570247933884297564e-01
2.067796610169491400e-01
8.818011257035646144e-02
1.385390428211586422e-01
2.067796610169491400e-01
2.067796610169491400e-01
1.096774193548386983e-01
1.096774193548386983e-01
1.229698375870069277e-01
1.229698375870069277e-01
5.829596412556051904e-02
1.096774193548386983e-01
2.413793103448275690e-01
2.863436123348017115e-01
1.229698375870069277e-01
1.304347826086956486e-01
1.096774193548386983e-01
2.067796610169491400e-01
2.230215827338128676e-01
1.304347826086956486e-01
2.230215827338128676e-01
6.456692913385826682e-02
2.622950819672131839e-01
1.385390428211586422e-01
1.229698375870069277e-01
1.793313069908813728e-01
4.509283819628647633e-02
1.676300578034681799e-01
7.154742096505821436e-02
2.067796610169491400e-01
1.385390428211586422e-01
1.793313069908813728e-01
9.819639278557112938e-02
8.818011257035646144e-02
1.793313069908813728e-01
1.473684210526315652e-01
1.037344398340249024e-01
1.570247933884297564e-01
5.000000000000000278e-02
1.385390428211586422e-01
1.676300578034681799e-01
1.096774193548386983e-01
2.067796610169491400e-01
2.863436123348017115e-01
5.000000000000000278e-02
7.154742096505821436e-02
2.413793103448275690e-01
1.385390428211586422e-01
1.096774193548386983e-01
1.793313069908813728e-01
1.676300578034681799e-01
1.229698375870069277e-01
2.067796610169491400e-01
9.302325581395350096e-02
5.000000000000000278e-02
1.793313069908813728e-01
1.923076923076923461e-01
1.793313069908813728e-01
2.863436123348017115e-01
1.229698375870069277e-01
1.229698375870069277e-01
1.473684210526315652e-01
2.230215827338128676e-01
7.936507936507936067e-02
3.649635036496350765e-02
1.385390428211586422e-01
5.000000000000000278e-02
1.304347826086956486e-01
1.229698375870069277e-01
1.385390428211586422e-01
2.067796610169491400e-01
1.676300578034681799e-01
1.385390428211586422e-01
1.923076923076923461e-01
1.793313069908813728e-01
2.230215827338128676e-01
2.067796610169491400e-01
9.819639278557112938e-02
2.413793103448275690e-01
8.818011257035646144e-02
7.534246575342466723e-02
6.796116504854368690e-02
1.923076923076923461e-01
3.863636363636363535e-01
2.067796610169491400e-01
9.819639278557112938e-02
1.570247933884297564e-01
1.037344398340249024e-01
9.819639278557112938e-02
1.304347826086956486e-01
1.160714285714285754e-01
1.229698375870069277e-01
6.796116504854368690e-02
4.339622641509431333e-01
2.230215827338128676e-01
9.302325581395350096e-02
9.819639278557112938e-02
1.304347826086956486e-01
1.923076923076923461e-01
1.923076923076923461e-01
2.230215827338128676e-01
1.473684210526315652e-01
8.363636363636361981e-02
2.230215827338128676e-01
2.067796610169491400e-01
9.819639278557112938e-02
1.385390428211586422e-01
7.936507936507936067e-02
7.936507936507936067e-02
1.037344398340249024e-01
2.067796610169491400e-01
9.302325581395350096e-02
5.829596412556051904e-02
9.819639278557112938e-02
7.154742096505821436e-02
9.302325581395350096e-02
1.473684210526315652e-01
1.473684210526315652e-01
2.863436123348017115e-01
1.473684210526315652e-01
1.160714285714285754e-01
2.863436123348017115e-01
6.134969325153374897e-02
2.067796610169491400e-01
7.154742096505821436e-02
9.302325581395350096e-02
5.539358600583089987e-02
1.385390428211586422e-01
1.793313069908813728e-01
1.473684210526315652e-01
1.385390428211586422e-01
3.142857142857143349e-01
1.570247933884297564e-01
7.154742096505821436e-02
1.385390428211586422e-01
1.160714285714285754e-01
2.067796610169491400e-01
5.000000000000000278e-02
1.037344398340249024e-01
6.456692913385826682e-02
8.363636363636361981e-02
1.229698375870069277e-01
6.134969325153374897e-02
1.037344398340249024e-01
2.622950819672131839e-01
7.534246575342466723e-02
2.230215827338128676e-01
2.230215827338128676e-01
2.230215827338128676e-01
1.304347826086956486e-01
7.936507936507936067e-02
9.819639278557112938e-02
1.096774193548386983e-01
1.676300578034681799e-01
2.622950819672131839e-01
1.473684210526315652e-01
8.818011257035646144e-02
1.304347826086956486e-01
2.413793103448275690e-01
9.819639278557112938e-02
5.539358600583089987e-02
3.850931677018633315e-02
7.534246575342466723e-02
7.534246575342466723e-02
7.534246575342466723e-02
1.385390428211586422e-01
2.413793103448275690e-01
1.676300578034681799e-01
1.096774193548386983e-01
4.060913705583756722e-02
1.385390428211586422e-01
1.304347826086956486e-01
2.230215827338128676e-01
8.363636363636361981e-02
8.818011257035646144e-02
2.622950819672131839e-01
9.302325581395350096e-02
1.304347826086956486e-01
6.134969325153374897e-02
1.923076923076923461e-01
1.037344398340249024e-01
1.923076923076923461e-01
8.818011257035646144e-02
2.230215827338128676e-01
1.096774193548386983e-01
1.304347826086956486e-01
9.302325581395350096e-02
1.676300578034681799e-01
9.819639278557112938e-02
2.413793103448275690e-01
3.142857142857143349e-01
1.570247933884297564e-01
6.134969325153374897e-02
1.160714285714285754e-01
2.067796610169491400e-01
1.304347826086956486e-01
3.850931677018633315e-02
1.096774193548386983e-01
5.829596412556051904e-02
1.304347826086956486e-01
1.096774193548386983e-01
1.037344398340249024e-01
1.229698375870069277e-01
7.534246575342466723e-02
2.230215827338128676e-01
1.160714285714285754e-01
1.570247933884297564e-01
2.230215827338128676e-01
1.473684210526315652e-01
2.863436123348017115e-01
1.676300578034681799e-01
1.923076923076923461e-01
1.385390428211586422e-01
4.280155642023346363e-02
1.160714285714285754e-01
1.160714285714285754e-01
1.385390428211586422e-01
7.936507936507936067e-02
1.229698375870069277e-01
9.302325581395350096e-02
9.819639278557112938e-02
7.534246575342466723e-02
1.473684210526315652e-01
9.302325581395350096e-02
1.793313069908813728e-01
4.060913705583756722e-02
6.456692913385826682e-02
1.570247933884297564e-01
1.304347826086956486e-01
1.304347826086956486e-01
1.229698375870069277e-01
6.456692913385826682e-02
9.819639278557112938e-02
1.385390428211586422e-01
1.160714285714285754e-01
1.096774193548386983e-01
7.936507936507936067e-02
4.339622641509431333e-01
2.230215827338128676e-01
1.473684210526315652e-01
4.509283819628647633e-02
1.096774193548386983e-01
9.819639278557112938e-02
1.304347826086956486e-01
1.160714285714285754e-01
1.570247933884297564e-01
1.676300578034681799e-01
1.570247933884297564e-01
1.793313069908813728e-01
1.385390428211586422e-01
1.385390428211586422e-01
2.622950819672131839e-01
1.570247933884297564e-01
2.622950819672131839e-01
1.570247933884297564e-01
1.229698375870069277e-01
9.302325581395350096e-02
1.304347826086956486e-01
1.037344398340249024e-01
2.622950819672131839e-01
2.622950819672131839e-01
7.936507936507936067e-02
1.096774193548386983e-01
1.385390428211586422e-01
1.923076923076923461e-01
1.037344398340249024e-01
1.473684210526315652e-01
1.304347826086956486e-01
1.793313069908813728e-01
2.067796610169491400e-01
1.096774193548386983e-01
2.067796610169491400e-01
8.818011257035646144e-02
1.229698375870069277e-01
7.936507936507936067e-02
7.936507936507936067e-02
1.676300578034681799e-01
7.936507936507936067e-02
1.676300578034681799e-01
7.936507936507936067e-02
2.863436123348017115e-01
2.230215827338128676e-01
7.936507936507936067e-02
4.060913705583756722e-02
1.923076923076923461e-01
9.819639278557112938e-02
1.473684210526315652e-01
2.067796610169491400e-01
1.793313069908813728e-01
1.570247933884297564e-01
1.570247933884297564e-01
1.793313069908813728e-01
1.304347826086956486e-01
2.230215827338128676e-01
9.302325581395350096e-02
6.134969325153374897e-02
1.037344398340249024e-01
2.067796610169491400e-01
2.067796610169491400e-01
1.473684210526315652e-01
2.413793103448275690e-01
1.570247933884297564e-01
2.230215827338128676e-01
2.067796610169491400e-01
3.649635036496350765e-02
1.676300578034681799e-01
1.229698375870069277e-01
1.793313069908813728e-01
6.796116504854368690e-02
1.570247933884297564e-01
7.534246575342466723e-02
1.385390428211586422e-01
8.363636363636361981e-02
8.818011257035646144e-02
7.534246575342466723e-02
1.923076923076923461e-01
2.230215827338128676e-01
1.473684210526315652e-01
2.230215827338128676e-01
8.818011257035646144e-02
7.936507936507936067e-02
2.622950819672131839e-01
1.160714285714285754e-01
1.229698375870069277e-01
2.413793103448275690e-01
1.676300578034681799e-01
1.304347826086956486e-01
2.230215827338128676e-01
1.676300578034681799e-01
2.413793103448275690e-01
1.473684210526315652e-01
4.339622641509431333e-01
1.229698375870069277e-01
2.413793103448275690e-01
1.304347826086956486e-01
1.473684210526315652e-01
2.622950819672131839e-01
7.534246575342466723e-02
9.302325581395350096e-02
1.037344398340249024e-01
9.302325581395350096e-02
2.413793103448275690e-01
1.473684210526315652e-01
1.229698375870069277e-01
2.863436123348017115e-01
7.534246575342466723e-02
1.229698375870069277e-01
1.473684210526315652e-01
2.230215827338128676e-01
8.818011257035646144e-02
1.570247933884297564e-01
1.304347826086956486e-01
1.160714285714285754e-01
1.923076923076923461e-01
1.676300578034681799e-01
7.534246575342466723e-02
7.154742096505821436e-02
1.096774193548386983e-01
2.230215827338128676e-01
1.676300578034681799e-01
1.570247933884297564e-01
8.363636363636361981e-02
1.304347826086956486e-01
1.037344398340249024e-01
2.230215827338128676e-01
5.829596412556051904e-02
1.923076923076923461e-01
4.509283819628647633e-02
1.096774193548386983e-01
2.622950819672131839e-01
8.363636363636361981e-02
1.923076923076923461e-01
7.936507936507936067e-02
1.304347826086956486e-01
1.473684210526315652e-01
1.385390428211586422e-01
6.456692913385826682e-02
1.676300578034681799e-01
1.160714285714285754e-01
1.473684210526315652e-01
1.160714285714285754e-01
1.229698375870069277e-01
1.037344398340249024e-01
9.302325581395350096e-02
1.304347826086956486e-01
9.819639278557112938e-02
9.819639278557112938e-02
1.385390428211586422e-01
1.385390428211586422e-01
7.936507936507936067e-02
1.304347826086956486e-01
6.456692913385826682e-02
1.676300578034681799e-01
1.160714285714285754e-01
7.534246575342466723e-02
2.230215827338128676e-01
1.793313069908813728e-01
8.818011257035646144e-02
1.923076923076923461e-01
1.676300578034681799e-01
3.863636363636363535e-01
1.229698375870069277e-01
1.793313069908813728e-01
1.676300578034681799e-01
2.863436123348017115e-01
7.936507936507936067e-02
2.067796610169491400e-01
1.473684210526315652e-01
6.796116504854368690e-02
2.413793103448275690e-01
1.793313069908813728e-01
1.160714285714285754e-01
1.385390428211586422e-01
1.037344398340249024e-01
1.570247933884297564e-01
2.067796610169491400e-01
1.385390428211586422e-01
1.304347826086956486e-01
2.230215827338128676e-01
1.229698375870069277e-01
9.819639278557112938e-02
1.473684210526315652e-01
1.570247933884297564e-01
1.676300578034681799e-01
8.818011257035646144e-02
9.819639278557112938e-02
2.230215827338128676e-01
1.676300578034681799e-01
1.473684210526315652e-01
1.570247933884297564e-01
1.037344398340249024e-01
1.923076923076923461e-01
9.819639278557112938e-02
1.570247933884297564e-01
9.302325581395350096e-02
2.863436123348017115e-01
1.923076923076923461e-01
9.302325581395350096e-02
1.570247933884297564e-01
1.923076923076923461e-01
1.676300578034681799e-01
7.534246575342466723e-02
1.570247933884297564e-01
1.304347826086956486e-01
8.818011257035646144e-02
7.534246575342466723e-02
1.473684210526315652e-01
1.304347826086956486e-01
1.473684210526315652e-01
1.676300578034681799e-01
9.819639278557112938e-02
1.096774193548386983e-01
5.829596412556051904e-02
8.818011257035646144e-02
1.570247933884297564e-01
1.793313069908813728e-01
1.096774193548386983e-01
2.413793103448275690e-01
1.385390428211586422e-01
1.473684210526315652e-01
2.413793103448275690e-01
9.819639278557112938e-02
1.473684210526315652e-01
9.819639278557112938e-02
1.676300578034681799e-01
1.037344398340249024e-01
8.363636363636361981e-02
1.037344398340249024e-01
9.302325581395350096e-02
1.385390428211586422e-01
7.154742096505821436e-02
1.229698375870069277e-01
1.473684210526315652e-01
1.473684210526315652e-01
4.929577464788731933e-01
1.304347826086956486e-01
2.230215827338128676e-01
1.037344398340249024e-01
1.570247933884297564e-01
1.229698375870069277e-01
1.037344398340249024e-01
1.570247933884297564e-01
1.923076923076923461e-01
9.819639278557112938e-02
1.570247933884297564e-01
2.067796610169491400e-01
1.473684210526315652e-01
2.863436123348017115e-01
2.622950819672131839e-01
1.385390428211586422e-01
1.096774193548386983e-01
1.385390428211586422e-01
1.385390428211586422e-01
1.304347826086956486e-01
7.534246575342466723e-02
1.923076923076923461e-01
1.229698375870069277e-01
1.304347826086956486e-01
2.413793103448275690e-01
9.819639278557112938e-02
2.067796610169491400e-01
1.096774193548386983e-01
8.363636363636361981e-02
1.037344398340249024e-01
1.676300578034681799e-01
1.923076923076923461e-01
8.818011257035646144e-02
7.154742096505821436e-02
1.037344398340249024e-01
1.304347826086956486e-01
1.793313069908813728e-01
3.142857142857143349e-01
1.304347826086956486e-01
1.570247933884297564e-01
1.229698375870069277e-01
5.539358600583089987e-02
1.676300578034681799e-01
1.037344398340249024e-01
1.793313069908813728e-01
1.096774193548386983e-01
9.302325581395350096e-02
9.819639278557112938e-02
6.796116504854368690e-02
1.229698375870069277e-01
9.302325581395350096e-02
1.160714285714285754e-01
2.067796610169491400e-01
1.304347826086956486e-01
2.413793103448275690e-01
9.302325581395350096e-02
3.471502590673573585e-01
1.096774193548386983e-01
1.473684210526315652e-01
2.067796610169491400e-01
2.622950819672131839e-01
7.534246575342466723e-02
1.096774193548386983e-01
7.936507936507936067e-02
2.863436123348017115e-01
1.570247933884297564e-01
3.142857142857143349e-01
8.363636363636361981e-02
1.570247933884297564e-01
3.142857142857143349e-01
3.142857142857143349e-01
1.304347826086956486e-01
2.230215827338128676e-01
5.829596412556051904e-02
1.037344398340249024e-01
1.304347826086956486e-01
1.793313069908813728e-01
8.818011257035646144e-02
6.456692913385826682e-02
1.473684210526315652e-01
3.142857142857143349e-01
2.756339581036383948e-02
1.676300578034681799e-01
1.923076923076923461e-01
1.385390428211586422e-01
1.160714285714285754e-01
1.160714285714285754e-01
1.385390428211586422e-01
6.796116504854368690e-02
2.067796610169491400e-01
5.000000000000000278e-02
1.229698375870069277e-01
1.304347826086956486e-01
4.748982360922659324e-02
2.230215827338128676e-01
2.622950819672131839e-01
6.796116504854368690e-02
1.229698375870069277e-01
1.160714285714285754e-01
1.385390428211586422e-01
1.160714285714285754e-01
2.863436123348017115e-01
1.037344398340249024e-01
6.796116504854368690e-02
2.863436123348017115e-01
3.142857142857143349e-01
9.819639278557112938e-02
1.793313069908813728e-01
1.676300578034681799e-01
7.534246575342466723e-02
8.363636363636361981e-02
2.863436123348017115e-01
9.302325581395350096e-02
1.304347826086956486e-01
9.302325581395350096e-02
1.304347826086956486e-01
1.037344398340249024e-01
1.473684210526315652e-01
6.456692913385826682e-02
1.160714285714285754e-01
1.676300578034681799e-01
1.473684210526315652e-01
1.160714285714285754e-01
2.230215827338128676e-01
5.263157894736841813e-02
2.863436123348017115e-01
1.385390428211586422e-01
1.473684210526315652e-01
1.385390428211586422e-01
1.037344398340249024e-01
9.819639278557112938e-02
1.385390428211586422e-01
1.793313069908813728e-01
5.000000000000000278e-02
2.067796610169491400e-01
7.154742096505821436e-02
9.819639278557112938e-02
6.796116504854368690e-02
6.134969325153374897e-02
1.037344398340249024e-01
2.413793103448275690e-01
9.819639278557112938e-02
2.622950819672131839e-01
1.229698375870069277e-01
2.413793103448275690e-01
1.304347826086956486e-01
1.160714285714285754e-01
4.339622641509431333e-01
7.534246575342466723e-02
7.936507936507936067e-02
9.819639278557112938e-02
1.923076923076923461e-01
1.570247933884297564e-01
1.923076923076923461e-01
1.676300578034681799e-01
1.304347826086956486e-01
1.385390428211586422e-01
7.534246575342466723e-02
1.096774193548386983e-01
7.936507936507936067e-02
1.304347826086956486e-01
1.923076923076923461e-01
2.230215827338128676e-01
1.570247933884297564e-01
2.863436123348017115e-01
3.471502590673573585e-01
2.863436123348017115e-01
9.819639278557112938e-02
1.304347826086956486e-01
2.067796610169491400e-01
9.302325581395350096e-02
2.863436123348017115e-01
3.142857142857143349e-01
9.302325581395350096e-02
9.302325581395350096e-02
8.818011257035646144e-02
1.229698375870069277e-01
1.385390428211586422e-01
1.473684210526315652e-01
1.385390428211586422e-01
5.539358600583089987e-02
2.863436123348017115e-01
1.676300578034681799e-01
1.037344398340249024e-01
1.923076923076923461e-01
7.936507936507936067e-02
2.230215827338128676e-01
1.570247933884297564e-01
2.622950819672131839e-01
2.230215827338128676e-01
7.936507936507936067e-02
1.160714285714285754e-01
1.160714285714285754e-01
2.622950819672131839e-01
1.676300578034681799e-01
8.363636363636361981e-02
1.160714285714285754e-01
1.793313069908813728e-01
2.067796610169491400e-01
3.471502590673573585e-01
2.230215827338128676e-01
1.037344398340249024e-01
2.230215827338128676e-01
1.923076923076923461e-01
2.067796610169491400e-01
1.385390428211586422e-01
1.793313069908813728e-01
1.676300578034681799e-01
1.096774193548386983e-01
7.154742096505821436e-02
8.363636363636361981e-02
2.067796610169491400e-01
2.230215827338128676e-01
3.471502590673573585e-01
5.263157894736841813e-02
1.793313069908813728e-01
1.304347826086956486e-01
1.304347826086956486e-01
1.160714285714285754e-01
1.473684210526315652e-01
1.676300578034681799e-01
9.302325581395350096e-02
6.456692913385826682e-02
1.385390428211586422e-01
1.160714285714285754e-01
2.067796610169491400e-01
7.936507936507936067e-02
6.796116504854368690e-02
1.793313069908813728e-01
4.929577464788731933e-01
2.230215827338128676e-01
8.363636363636361981e-02
3.142857142857143349e-01
1.304347826086956486e-01
5.000000000000000278e-02
8.363636363636361981e-02
3.142857142857143349e-01
1.304347826086956486e-01
9.302325581395350096e-02
2.230215827338128676e-01
1.473684210526315652e-01
8.818011257035646144e-02
3.456495828367103784e-02
7.534246575342466723e-02
9.819639278557112938e-02
1.676300578034681799e-01
1.160714285714285754e-01
2.230215827338128676e-01
1.229698375870069277e-01
1.304347826086956486e-01
9.302325581395350096e-02
2.413793103448275690e-01
1.229698375870069277e-01
1.473684210526315652e-01
2.067796610169491400e-01
7.154742096505821436e-02
7.534246575342466723e-02
8.363636363636361981e-02
2.230215827338128676e-01
1.793313069908813728e-01
1.385390428211586422e-01
1.923076923076923461e-01
9.819639278557112938e-02
1.037344398340249024e-01
2.863436123348017115e-01
2.230215827338128676e-01
1.304347826086956486e-01
2.622950819672131839e-01
2.230215827338128676e-01
1.473684210526315652e-01
1.676300578034681799e-01
1.304347826086956486e-01
2.067796610169491400e-01
3.471502590673573585e-01
1.676300578034681799e-01
6.456692913385826682e-02
7.534246575342466723e-02
2.863436123348017115e-01
2.067796610169491400e-01
1.304347826086956486e-01
3.471502590673573585e-01
1.385390428211586422e-01
2.230215827338128676e-01
3.142857142857143349e-01
1.385390428211586422e-01
2.863436123348017115e-01
7.154742096505821436e-02
1.473684210526315652e-01
1.304347826086956486e-01
8.363636363636361981e-02
1.793313069908813728e-01
8.818011257035646144e-02
9.819639278557112938e-02
8.818011257035646144e-02
7.534246575342466723e-02
1.037344398340249024e-01
2.622950819672131839e-01
1.304347826086956486e-01
5.263157894736841813e-02
9.302325581395350096e-02
2.413793103448275690e-01
4.509283819628647633e-02
2.067796610169491400e-01
9.302325581395350096e-02
1.676300578034681799e-01
8.363636363636361981e-02
2.863436123348017115e-01
1.096774193548386983e-01
7.936507936507936067e-02
1.304347826086956486e-01
1.473684210526315652e-01
3.456495828367103784e-02
2.230215827338128676e-01
5.263157894736841813e-02
9.302325581395350096e-02
9.819639278557112938e-02
1.570247933884297564e-01
1.385390428211586422e-01
8.363636363636361981e-02
3.456495828367103784e-02
2.230215827338128676e-01
1.923076923076923461e-01
1.229698375870069277e-01
8.818011257035646144e-02
1.923076923076923461e-01
9.302325581395350096e-02
9.819639278557112938e-02
1.229698375870069277e-01
8.818011257035646144e-02
1.793313069908813728e-01
1.676300578034681799e-01
3.142857142857143349e-01
9.819639278557112938e-02
2.622950819672131839e-01
2.230215827338128676e-01
2.067796610169491400e-01
1.304347826086956486e-01
1.793313069908813728e-01
1.473684210526315652e-01
1.385390428211586422e-01
8.818011257035646144e-02
6.456692913385826682e-02
1.923076923076923461e-01
5.263157894736841813e-02
1.304347826086956486e-01
1.793313069908813728e-01
1.570247933884297564e-01
1.096774193548386983e-01
9.302325581395350096e-02
2.413793103448275690e-01
1.385390428211586422e-01
1.037344398340249024e-01
2.413793103448275690e-01
9.302325581395350096e-02
1.385390428211586422e-01
1.676300578034681799e-01
6.456692913385826682e-02
1.676300578034681799e-01
2.230215827338128676e-01
8.363636363636361981e-02
1.473684210526315652e-01
1.037344398340249024e-01
1.160714285714285754e-01
1.793313069908813728e-01
2.230215827338128676e-01
1.923076923076923461e-01
2.230215827338128676e-01
2.622950819672131839e-01
2.413793103448275690e-01
7.936507936507936067e-02
7.936507936507936067e-02
5.000000000000000278e-02
1.304347826086956486e-01
9.819639278557112938e-02
2.230215827338128676e-01
9.819639278557112938e-02
2.067796610169491400e-01
1.229698375870069277e-01
1.793313069908813728e-01
8.818011257035646144e-02
1.473684210526315652e-01
1.676300578034681799e-01
2.622950819672131839e-01
2.230215827338128676e-01
2.413793103448275690e-01
5.263157894736841813e-02
3.142857142857143349e-01
1.923076923076923461e-01
1.037344398340249024e-01
2.413793103448275690e-01
2.067796610169491400e-01
1.923076923076923461e-01
1.570247933884297564e-01
1.160714285714285754e-01
1.793313069908813728e-01
1.229698375870069277e-01
1.385390428211586422e-01
1.570247933884297564e-01
1.676300578034681799e-01
1.923076923076923461e-01
1.037344398340249024e-01
5.000000000000000278e-02
7.534246575342466723e-02
8.818011257035646144e-02
1.793313069908813728e-01
1.923076923076923461e-01
1.096774193548386983e-01
7.936507936507936067e-02
1.160714285714285754e-01
1.229698375870069277e-01
8.818011257035646144e-02
2.622950819672131839e-01
1.160714285714285754e-01
1.570247933884297564e-01
3.863636363636363535e-01
1.676300578034681799e-01
1.385390428211586422e-01
1.676300578034681799e-01
1.923076923076923461e-01
1.676300578034681799e-01
2.622950819672131839e-01
1.160714285714285754e-01
1.676300578034681799e-01
1.304347826086956486e-01
1.570247933884297564e-01
5.263157894736841813e-02
1.793313069908813728e-01
1.229698375870069277e-01
1.473684210526315652e-01
2.622950819672131839e-01
2.622950819672131839e-01
1.229698375870069277e-01
1.923076923076923461e-01
1.037344398340249024e-01
1.676300578034681799e-01
1.160714285714285754e-01
1.037344398340249024e-01
1.923076923076923461e-01
3.863636363636363535e-01
9.819639278557112938e-02
2.067796610169491400e-01
3.471502590673573585e-01
2.622950819672131839e-01
1.304347826086956486e-01
1.676300578034681799e-01
7.936507936507936067e-02
1.473684210526315652e-01
1.385390428211586422e-01
3.142857142857143349e-01
9.819639278557112938e-02
6.456692913385826682e-02
1.676300578034681799e-01
2.413793103448275690e-01
2.863436123348017115e-01
1.037344398340249024e-01
1.923076923076923461e-01
1.923076923076923461e-01
8.818011257035646144e-02
5.539358600583089987e-02
5.000000000000000278e-02
1.923076923076923461e-01
6.796116504854368690e-02
1.923076923076923461e-01
1.096774193548386983e-01
1.923076923076923461e-01
1.229698375870069277e-01
8.363636363636361981e-02
1.923076923076923461e-01
9.819639278557112938e-02
2.067796610169491400e-01
2.413793103448275690e-01
2.863436123348017115e-01
1.676300578034681799e-01
2.863436123348017115e-01
6.134969325153374897e-02
1.923076923076923461e-01
1.473684210526315652e-01
2.413793103448275690e-01
5.539358600583089987e-02
5.539358600583089987e-02
1.676300578034681799e-01
1.160714285714285754e-01
1.160714285714285754e-01
4.060913705583756722e-02
2.067796610169491400e-01
1.229698375870069277e-01
9.819639278557112938e-02
1.473684210526315652e-01
1.473684210526315652e-01
1.385390428211586422e-01
2.413793103448275690e-01
8.818011257035646144e-02
1.229698375870069277e-01
1.304347826086956486e-01
1.037344398340249024e-01
1.096774193548386983e-01
2.067796610169491400e-01
2.067796610169491400e-01
1.229698375870069277e-01
8.818011257035646144e-02
2.413793103448275690e-01
7.936507936507936067e-02
1.793313069908813728e-01
6.456692913385826682e-02
8.363636363636361981e-02
8.363636363636361981e-02
2.230215827338128676e-01
1.385390428211586422e-01
9.302325581395350096e-02
2.622950819672131839e-01
1.473684210526315652e-01
4.509283819628647633e-02
1.160714285714285754e-01
7.936507936507936067e-02
1.676300578034681799e-01
1.923076923076923461e-01
1.473684210526315652e-01
1.676300578034681799e-01
2.230215827338128676e-01
1.385390428211586422e-01
6.796116504854368690e-02
2.863436123348017115e-01
1.304347826086956486e-01
8.818011257035646144e-02
7.154742096505821436e-02
1.793313069908813728e-01
2.230215827338128676e-01
1.304347826086956486e-01
1.385390428211586422e-01
1.304347826086956486e-01
1.037344398340249024e-01
2.413793103448275690e-01
2.067796610169491400e-01
7.154742096505821436e-02
1.676300578034681799e-01
1.229698375870069277e-01
1.160714285714285754e-01
3.471502590673573585e-01
6.796116504854368690e-02
8.363636363636361981e-02
1.923076923076923461e-01
1.793313069908813728e-01
1.037344398340249024e-01
5.263157894736841813e-02
1.304347826086956486e-01
8.363636363636361981e-02
1.570247933884297564e-01
1.570247933884297564e-01
1.385390428211586422e-01
2.413793103448275690e-01
2.622950819672131839e-01
1.570247933884297564e-01
1.160714285714285754e-01
2.230215827338128676e-01
8.363636363636361981e-02
2.413793103448275690e-01
1.037344398340249024e-01
6.134969325153374897e-02
1.304347826086956486e-01
1.570247933884297564e-01
2.863436123348017115e-01
1.923076923076923461e-01
1.037344398340249024e-01
1.160714285714285754e-01
1.473684210526315652e-01
1.923076923076923461e-01
8.363636363636361981e-02
1.385390428211586422e-01
1.304347826086956486e-01
8.818011257035646144e-02
1.096774193548386983e-01
1.473684210526315652e-01
9.819639278557112938e-02
1.096774193548386983e-01
2.622950819672131839e-01
1.793313069908813728e-01
1.570247933884297564e-01
1.570247933884297564e-01
2.863436123348017115e-01
1.160714285714285754e-01
1.793313069908813728e-01
1.037344398340249024e-01
2.067796610169491400e-01
1.304347826086956486e-01
1.676300578034681799e-01
2.622950819672131839e-01
1.793313069908813728e-01
1.304347826086956486e-01
9.819639278557112938e-02
1.385390428211586422e-01
1.676300578034681799e-01
1.473684210526315652e-01
1.160714285714285754e-01
1.096774193548386983e-01
1.676300578034681799e-01
1.793313069908813728e-01
2.863436123348017115e-01
1.473684210526315652e-01
1.385390428211586422e-01
1.229698375870069277e-01
1.229698375870069277e-01
7.936507936507936067e-02
2.067796610169491400e-01
9.819639278557112938e-02
1.304347826086956486e-01
1.096774193548386983e-01
3.863636363636363535e-01
2.067796610169491400e-01
8.818011257035646144e-02
1.304347826086956486e-01
2.230215827338128676e-01
8.363636363636361981e-02
1.160714285714285754e-01
1.676300578034681799e-01
6.796116504854368690e-02
2.067796610169491400e-01
1.229698375870069277e-01
1.473684210526315652e-01
4.060913705583756722e-02
1.793313069908813728e-01
7.534246575342466723e-02
1.229698375870069277e-01
8.363636363636361981e-02
9.819639278557112938e-02
1.923076923076923461e-01
2.230215827338128676e-01
9.819639278557112938e-02
1.037344398340249024e-01
1.473684210526315652e-01
2.622950819672131839e-01
1.096774193548386983e-01
9.302325581395350096e-02
7.154742096505821436e-02
1.676300578034681799e-01
1.793313069908813728e-01
1.229698375870069277e-01
1.160714285714285754e-01
6.456692913385826682e-02
1.037344398340249024e-01
1.923076923076923461e-01
1.923076923076923461e-01
1.923076923076923461e-01
7.936507936507936067e-02
1.473684210526315652e-01
1.037344398340249024e-01
2.622950819672131839e-01
1.160714285714285754e-01
1.096774193548386983e-01
2.622950819672131839e-01
2.067796610169491400e-01
1.923076923076923461e-01
8.818011257035646144e-02
1.676300578034681799e-01
2.413793103448275690e-01
7.534246575342466723e-02
8.818011257035646144e-02
2.230215827338128676e-01
1.160714285714285754e-01
1.923076923076923461e-01
1.304347826086956486e-01
2.622950819672131839e-01
6.796116504854368690e-02
1.676300578034681799e-01
1.385390428211586422e-01
1.676300578034681799e-01
3.850931677018633315e-02
3.471502590673573585e-01
1.385390428211586422e-01
1.304347826086956486e-01
1.793313069908813728e-01
1.096774193548386983e-01
1.570247933884297564e-01
2.413793103448275690e-01
1.229698375870069277e-01
1.385390428211586422e-01
1.676300578034681799e-01
1.304347826086956486e-01
1.570247933884297564e-01
3.456495828367103784e-02
1.923076923076923461e-01
1.676300578034681799e-01
7.534246575342466723e-02
1.037344398340249024e-01
1.570247933884297564e-01
6.456692913385826682e-02
7.534246575342466723e-02
1.923076923076923461e-01
2.413793103448275690e-01
2.413793103448275690e-01
2.230215827338128676e-01
1.570247933884297564e-01
2.863436123348017115e-01
1.096774193548386983e-01
1.037344398340249024e-01
1.385390428211586422e-01
6.796116504854368690e-02
1.096774193548386983e-01
1.304347826086956486e-01
1.304347826086956486e-01
5.263157894736841813e-02
9.302325581395350096e-02
2.230215827338128676e-01
1.923076923076923461e-01
2.067796610169491400e-01
1.304347826086956486e-01
1.473684210526315652e-01
1.304347826086956486e-01
1.385390428211586422e-01
8.363636363636361981e-02
1.385390428211586422e-01
2.230215827338128676e-01
1.570247933884297564e-01
1.160714285714285754e-01
7.936507936507936067e-02
5.829596412556051904e-02
2.230215827338128676e-01
6.134969325153374897e-02
8.818011257035646144e-02
9.819639278557112938e-02
1.160714285714285754e-01
2.413793103448275690e-01
2.230215827338128676e-01
1.570247933884297564e-01
2.067796610169491400e-01
1.793313069908813728e-01
1.570247933884297564e-01
7.534246575342466723e-02
1.793313069908813728e-01
9.302325581395350096e-02
9.302325581395350096e-02
9.819639278557112938e-02
3.142857142857143349e-01
9.819639278557112938e-02
1.923076923076923461e-01
3.863636363636363535e-01
2.230215827338128676e-01
1.385390428211586422e-01
7.936507936507936067e-02
2.230215827338128676e-01
1.793313069908813728e-01
1.304347826086956486e-01
1.229698375870069277e-01
2.230215827338128676e-01
1.304347826086956486e-01
1.793313069908813728e-01
2.067796610169491400e-01
1.923076923076923461e-01
1.229698375870069277e-01
1.676300578034681799e-01
1.385390428211586422e-01
1.923076923076923461e-01
1.229698375870069277e-01
1.304347826086956486e-01
1.160714285714285754e-01
1.229698375870069277e-01
1.676300578034681799e-01
8.363636363636361981e-02
1.923076923076923461e-01
9.819639278557112938e-02
1.037344398340249024e-01
1.570247933884297564e-01
2.230215827338128676e-01
9.819639278557112938e-02
1.570247933884297564e-01
1.473684210526315652e-01
1.229698375870069277e-01
8.818011257035646144e-02
1.923076923076923461e-01
1.473684210526315652e-01
1.096774193548386983e-01
1.923076923076923461e-01
1.160714285714285754e-01
1.676300578034681799e-01
1.793313069908813728e-01
1.229698375870069277e-01
2.067796610169491400e-01
3.142857142857143349e-01
7.154742096505821436e-02
2.413793103448275690e-01
1.793313069908813728e-01
2.067796610169491400e-01
8.818011257035646144e-02
1.160714285714285754e-01
9.819639278557112938e-02
1.570247933884297564e-01
2.622950819672131839e-01
6.134969325153374897e-02
1.229698375870069277e-01
2.067796610169491400e-01
2.230215827338128676e-01
8.818011257035646144e-02
8.818011257035646144e-02
7.534246575342466723e-02
1.570247933884297564e-01
2.413793103448275690e-01
2.413793103448275690e-01
1.385390428211586422e-01
1.793313069908813728e-01
1.304347826086956486e-01
9.302325581395350096e-02
9.302325581395350096e-02
1.096774193548386983e-01
1.570247933884297564e-01
1.385390428211586422e-01
2.230215827338128676e-01
1.304347826086956486e-01
1.676300578034681799e-01
1.229698375870069277e-01
1.923076923076923461e-01
3.142857142857143349e-01
1.096774193548386983e-01
1.229698375870069277e-01
1.385390428211586422e-01
1.473684210526315652e-01
2.413793103448275690e-01
8.363636363636361981e-02
7.936507936507936067e-02
1.793313069908813728e-01
7.534246575342466723e-02
2.622950819672131839e-01
2.067796610169491400e-01
1.923076923076923461e-01
2.067796610169491400e-01
2.230215827338128676e-01
1.793313069908813728e-01
1.160714285714285754e-01
7.936507936507936067e-02
4.280155642023346363e-02
1.570247933884297564e-01
1.385390428211586422e-01
1.473684210526315652e-01
1.304347826086956486e-01
2.067796610169491400e-01
1.570247933884297564e-01
1.473684210526315652e-01
1.793313069908813728e-01
2.413793103448275690e-01
1.676300578034681799e-01
1.923076923076923461e-01
2.413793103448275690e-01
1.473684210526315652e-01
1.676300578034681799e-01
1.385390428211586422e-01
2.230215827338128676e-01
2.622950819672131839e-01
1.385390428211586422e-01
2.863436123348017115e-01
2.230215827338128676e-01
1.676300578034681799e-01
1.229698375870069277e-01
1.923076923076923461e-01
1.570247933884297564e-01
1.676300578034681799e-01
7.534246575342466723e-02
6.796116504854368690e-02
1.473684210526315652e-01
1.473684210526315652e-01
1.473684210526315652e-01
1.923076923076923461e-01
1.923076923076923461e-01
6.796116504854368690e-02
7.936507936507936067e-02
2.067796610169491400e-01
7.936507936507936067e-02
9.819639278557112938e-02
1.385390428211586422e-01
1.473684210526315652e-01
2.230215827338128676e-01
1.096774193548386983e-01
8.363636363636361981e-02
7.154742096505821436e-02
1.793313069908813728e-01
2.067796610169491400e-01
1.570247933884297564e-01
1.385390428211586422e-01
1.096774193548386983e-01
1.385390428211586422e-01
1.037344398340249024e-01
2.067796610169491400e-01
1.304347826086956486e-01
2.067796610169491400e-01
8.363636363636361981e-02
1.037344398340249024e-01
4.509283819628647633e-02
1.304347826086956486e-01
1.473684210526315652e-01
1.793313069908813728e-01
1.676300578034681799e-01
1.793313069908813728e-01
1.037344398340249024e-01
2.622950819672131839e-01
1.676300578034681799e-01
1.570247933884297564e-01
1.037344398340249024e-01
8.363636363636361981e-02
9.302325581395350096e-02
1.385390428211586422e-01
9.819639278557112938e-02
7.154742096505821436e-02
1.923076923076923461e-01
2.067796610169491400e-01
1.385390428211586422e-01
1.229698375870069277e-01
1.385390428211586422e-01
1.037344398340249024e-01
1.676300578034681799e-01
1.096774193548386983e-01
1.793313069908813728e-01
1.304347826086956486e-01
4.280155642023346363e-02
1.037344398340249024e-01
1.793313069908813728e-01
6.134969325153374897e-02
8.818011257035646144e-02
1.096774193548386983e-01
1.096774193548386983e-01
1.385390428211586422e-01
1.793313069908813728e-01
8.363636363636361981e-02
2.230215827338128676e-01
1.037344398340249024e-01
1.160714285714285754e-01
1.304347826086956486e-01
1.229698375870069277e-01
1.385390428211586422e-01
1.473684210526315652e-01
1.096774193548386983e-01
2.413793103448275690e-01
1.570247933884297564e-01
1.037344398340249024e-01
1.160714285714285754e-01
1.304347826086956486e-01
8.363636363636361981e-02
1.676300578034681799e-01
1.570247933884297564e-01
1.793313069908813728e-01
1.385390428211586422e-01
9.302325581395350096e-02
1.570247933884297564e-01
5.829596412556051904e-02
1.229698375870069277e-01
2.067796610169491400e-01
7.936507936507936067e-02
4.748982360922659324e-02
4.280155642023346363e-02
1.676300578034681799e-01
1.570247933884297564e-01
6.796116504854368690e-02
2.413793103448275690e-01
2.413793103448275690e-01
7.936507936507936067e-02
1.676300578034681799e-01
9.302325581395350096e-02
5.000000000000000278e-02
2.863436123348017115e-01
1.037344398340249024e-01
1.473684210526315652e-01
8.363636363636361981e-02
2.863436123348017115e-01
5.000000000000000278e-02
5.829596412556051904e-02
9.302325581395350096e-02
1.473684210526315652e-01
1.570247933884297564e-01
2.622950819672131839e-01
2.067796610169491400e-01
1.096774193548386983e-01
1.229698375870069277e-01
9.819639278557112938e-02
1.793313069908813728e-01
1.793313069908813728e-01
1.570247933884297564e-01
2.230215827338128676e-01
2.863436123348017115e-01
2.230215827338128676e-01
6.796116504854368690e-02
2.067796610169491400e-01
2.413793103448275690e-01
1.473684210526315652e-01
1.676300578034681799e-01
1.473684210526315652e-01
1.037344398340249024e-01
8.363636363636361981e-02
7.534246575342466723e-02
1.923076923076923461e-01
5.263157894736841813e-02
9.819639278557112938e-02
6.134969325153374897e-02
1.793313069908813728e-01
7.936507936507936067e-02
1.473684210526315652e-01
1.676300578034681799e-01
1.096774193548386983e-01
1.570247933884297564e-01
1.923076923076923461e-01
5.263157894736841813e-02
6.456692913385826682e-02
1.385390428211586422e-01
1.473684210526315652e-01
1.304347826086956486e-01
1.570247933884297564e-01
1.304347826086956486e-01
6.456692913385826682e-02
8.363636363636361981e-02
1.229698375870069277e-01
9.819639278557112938e-02
5.263157894736841813e-02
7.154742096505821436e-02
1.676300578034681799e-01
3.863636363636363535e-01
1.473684210526315652e-01
1.570247933884297564e-01
8.818011257035646144e-02
1.676300578034681799e-01
1.229698375870069277e-01
1.304347826086956486e-01
2.230215827338128676e-01
1.923076923076923461e-01
8.363636363636361981e-02
8.363636363636361981e-02
1.923076923076923461e-01
9.819639278557112938e-02
7.936507936507936067e-02
1.473684210526315652e-01
1.676300578034681799e-01
2.413793103448275690e-01
1.473684210526315652e-01
3.142857142857143349e-01
2.863436123348017115e-01
5.539358600583089987e-02
1.676300578034681799e-01
1.096774193548386983e-01
2.067796610169491400e-01
1.473684210526315652e-01
1.676300578034681799e-01
7.534246575342466723e-02
8.363636363636361981e-02
1.473684210526315652e-01
1.160714285714285754e-01
1.676300578034681799e-01
1.304347826086956486e-01
7.936507936507936067e-02
1.676300578034681799e-01
2.413793103448275690e-01
2.622950819672131839e-01
1.676300578034681799e-01
6.796116504854368690e-02
2.230215827338128676e-01
1.096774193548386983e-01
9.819639278557112938e-02
2.067796610169491400e-01
1.570247933884297564e-01
1.037344398340249024e-01
1.304347826086956486e-01
8.818011257035646144e-02
1.304347826086956486e-01
1.473684210526315652e-01
7.936507936507936067e-02
1.385390428211586422e-01
2.413793103448275690e-01
1.923076923076923461e-01
1.473684210526315652e-01
1.229698375870069277e-01
1.037344398340249024e-01
2.413793103448275690e-01
1.160714285714285754e-01
2.067796610169491400e-01
3.142857142857143349e-01
2.230215827338128676e-01
7.534246575342466723e-02
8.363636363636361981e-02
2.067796610169491400e-01
1.570247933884297564e-01
1.570247933884297564e-01
2.230215827338128676e-01
1.793313069908813728e-01
5.539358600583089987e-02
1.923076923076923461e-01
8.363636363636361981e-02
6.796116504854368690e-02
1.037344398340249024e-01
5.263157894736841813e-02
6.796116504854368690e-02
2.413793103448275690e-01
1.793313069908813728e-01
9.819639278557112938e-02
1.676300578034681799e-01
1.473684210526315652e-01
1.160714285714285754e-01
1.793313069908813728e-01
1.793313069908813728e-01
2.413793103448275690e-01
1.037344398340249024e-01
1.160714285714285754e-01
1.570247933884297564e-01
1.793313069908813728e-01
6.796116504854368690e-02
7.936507936507936067e-02
1.096774193548386983e-01
2.067796610169491400e-01
7.534246575342466723e-02
1.793313069908813728e-01
1.037344398340249024e-01
9.819639278557112938e-02
9.302325581395350096e-02
2.622950819672131839e-01
1.304347826086956486e-01
1.229698375870069277e-01
1.473684210526315652e-01
1.037344398340249024e-01
7.154742096505821436e-02
1.037344398340249024e-01
6.134969325153374897e-02
2.863436123348017115e-01
1.570247933884297564e-01
7.936507936507936067e-02
5.829596412556051904e-02
1.923076923076923461e-01
3.142857142857143349e-01
4.748982360922659324e-02
1.385390428211586422e-01
1.676300578034681799e-01
1.473684210526315652e-01
1.229698375870069277e-01
1.229698375870069277e-01
7.154742096505821436e-02
7.534246575342466723e-02
1.793313069908813728e-01
5.000000000000000278e-02
2.230215827338128676e-01
3.850931677018633315e-02
1.304347826086956486e-01
2.067796610169491400e-01
1.923076923076923461e-01
1.676300578034681799e-01
7.936507936507936067e-02
9.819639278557112938e-02
5.829596412556051904e-02
1.570247933884297564e-01
7.936507936507936067e-02
1.160714285714285754e-01
2.863436123348017115e-01
1.676300578034681799e-01
1.676300578034681799e-01
6.456692913385826682e-02
1.473684210526315652e-01
2.230215827338128676e-01
1.473684210526315652e-01
1.793313069908813728e-01
1.676300578034681799e-01
2.067796610169491400e-01
9.819639278557112938e-02
7.936507936507936067e-02
7.936507936507936067e-02
1.096774193548386983e-01
9.819639278557112938e-02
1.793313069908813728e-01
1.923076923076923461e-01
1.304347826086956486e-01
9.302325581395350096e-02
1.676300578034681799e-01
1.676300578034681799e-01
1.793313069908813728e-01
1.793313069908813728e-01
1.229698375870069277e-01
2.067796610169491400e-01
5.539358600583089987e-02
1.304347826086956486e-01
2.230215827338128676e-01
8.363636363636361981e-02
1.037344398340249024e-01
1.793313069908813728e-01
2.863436123348017115e-01
9.302325581395350096e-02
8.363636363636361981e-02
1.793313069908813728e-01
2.067796610169491400e-01
2.413793103448275690e-01
6.796116504854368690e-02
4.509283819628647633e-02
9.819639278557112938e-02
3.142857142857143349e-01
9.302325581395350096e-02
2.067796610169491400e-01
1.096774193548386983e-01
8.818011257035646144e-02
6.134969325153374897e-02
4.748982360922659324e-02
5.000000000000000278e-02
1.793313069908813728e-01
3.142857142857143349e-01
1.570247933884297564e-01
1.037344398340249024e-01
1.676300578034681799e-01
1.923076923076923461e-01
1.385390428211586422e-01
1.229698375870069277e-01
1.473684210526315652e-01
7.936507936507936067e-02
6.134969325153374897e-02
1.793313069908813728e-01
1.037344398340249024e-01
1.037344398340249024e-01
1.793313069908813728e-01
1.385390428211586422e-01
1.037344398340249024e-01
2.413793103448275690e-01
1.676300578034681799e-01
1.570247933884297564e-01
7.936507936507936067e-02
1.793313069908813728e-01
2.863436123348017115e-01
1.793313069908813728e-01
2.067796610169491400e-01
1.229698375870069277e-01
1.570247933884297564e-01
1.923076923076923461e-01
1.385390428211586422e-01
3.092783505154639290e-02
1.160714285714285754e-01
8.363636363636361981e-02
1.473684210526315652e-01
1.473684210526315652e-01
6.134969325153374897e-02
1.229698375870069277e-01
9.819639278557112938e-02
1.160714285714285754e-01
1.037344398340249024e-01
1.473684210526315652e-01
1.676300578034681799e-01
1.923076923076923461e-01
1.229698375870069277e-01
2.863436123348017115e-01
8.818011257035646144e-02
2.622950819672131839e-01
1.037344398340249024e-01
1.473684210526315652e-01
1.160714285714285754e-01
5.829596412556051904e-02
1.304347826086956486e-01
9.819639278557112938e-02
1.923076923076923461e-01
2.413793103448275690e-01
1.570247933884297564e-01
7.534246575342466723e-02
2.863436123348017115e-01
1.676300578034681799e-01
8.363636363636361981e-02
1.229698375870069277e-01
6.134969325153374897e-02
1.923076923076923461e-01
9.819639278557112938e-02
5.829596412556051904e-02
1.923076923076923461e-01
2.230215827338128676e-01
1.229698375870069277e-01
1.570247933884297564e-01
1.923076923076923461e-01
7.154742096505821436e-02
1.096774193548386983e-01
1.229698375870069277e-01
1.793313069908813728e-01
7.534246575342466723e-02
1.385390428211586422e-01
1.304347826086956486e-01
1.923076923076923461e-01
2.230215827338128676e-01
9.819639278557112938e-02
1.923076923076923461e-01
1.385390428211586422e-01
1.096774193548386983e-01
9.302325581395350096e-02
2.622950819672131839e-01
1.793313069908813728e-01
1.304347826086956486e-01
1.923076923076923461e-01
1.385390428211586422e-01
1.570247933884297564e-01
2.230215827338128676e-01
1.096774193548386983e-01
3.863636363636363535e-01
1.676300578034681799e-01
1.676300578034681799e-01
3.142857142857143349e-01
5.539358600583089987e-02
1.229698375870069277e-01
9.819639278557112938e-02
3.142857142857143349e-01
3.471502590673573585e-01
9.819639278557112938e-02
1.304347826086956486e-01
1.304347826086956486e-01
1.385390428211586422e-01
1.385390428211586422e-01
1.570247933884297564e-01
2.067796610169491400e-01
7.154742096505821436e-02
8.818011257035646144e-02
1.923076923076923461e-01
1.229698375870069277e-01
1.385390428211586422e-01
1.304347826086956486e-01
1.473684210526315652e-01
3.471502590673573585e-01
3.471502590673573585e-01
1.304347826086956486e-01
9.302325581395350096e-02
1.160714285714285754e-01
1.676300578034681799e-01
6.134969325153374897e-02
8.818011257035646144e-02
1.473684210526315652e-01
4.929577464788731933e-01
2.413793103448275690e-01
8.363636363636361981e-02
7.154742096505821436e-02
1.570247933884297564e-01
1.570247933884297564e-01
5.000000000000000278e-02
2.067796610169491400e-01
1.793313069908813728e-01
2.413793103448275690e-01
7.936507936507936067e-02
8.363636363636361981e-02
1.037344398340249024e-01
1.570247933884297564e-01
2.067796610169491400e-01
1.096774193548386983e-01
1.473684210526315652e-01
1.304347826086956486e-01
1.923076923076923461e-01
2.067796610169491400e-01
3.142857142857143349e-01
1.304347826086956486e-01
1.676300578034681799e-01
7.534246575342466723e-02
7.154742096505821436e-02
8.363636363636361981e-02
1.385390428211586422e-01
2.067796610169491400e-01
1.793313069908813728e-01
6.456692913385826682e-02
1.570247933884297564e-01
1.923076923076923461e-01
2.067796610169491400e-01
1.923076923076923461e-01
1.037344398340249024e-01
9.819639278557112938e-02
7.534246575342466723e-02
7.154742096505821436e-02
1.923076923076923461e-01
1.229698375870069277e-01
2.067796610169491400e-01
3.142857142857143349e-01
2.413793103448275690e-01
9.302325581395350096e-02
1.676300578034681799e-01
1.096774193548386983e-01
7.936507936507936067e-02
1.676300578034681799e-01
3.863636363636363535e-01
1.793313069908813728e-01
1.793313069908813728e-01
7.936507936507936067e-02
3.471502590673573585e-01
7.534246575342466723e-02
1.676300578034681799e-01
2.413793103448275690e-01
1.037344398340249024e-01
9.819639278557112938e-02
8.363636363636361981e-02
1.570247933884297564e-01
1.570247933884297564e-01
1.793313069908813728e-01
1.037344398340249024e-01
9.302325581395350096e-02
1.037344398340249024e-01
1.473684210526315652e-01
9.302325581395350096e-02
4.929577464788731933e-01
1.793313069908813728e-01
4.509283819628647633e-02
2.622950819672131839e-01
4.339622641509431333e-01
3.863636363636363535e-01
2.622950819672131839e-01
3.142857142857143349e-01
6.796116504854368690e-02
2.067796610169491400e-01
9.819639278557112938e-02
8.818011257035646144e-02
7.534246575342466723e-02
1.676300578034681799e-01
2.067796610169491400e-01
7.534246575342466723e-02
