2.307692307692307265e-01
4.142011834319527658e-02
6.666666666666666574e-02
1.428571428571428492e-01
9.589041095890409039e-02
4.672897196261682068e-02
4.142011834319527658e-02
3.661971830985915471e-02
9.589041095890409039e-02
1.655629139072847533e-01
8.474576271186440302e-02
1.089108910891089105e-01
9.589041095890409039e-02
6.666666666666666574e-02
2.800000000000000266e-01
5.263157894736841813e-02
4.672897196261682068e-02
3.225806451612903136e-02
5.923344947735191546e-02
4.672897196261682068e-02
6.666666666666666574e-02
2.307692307692307265e-01
5.263157894736841813e-02
1.428571428571428492e-01
2.800000000000000266e-01
2.800000000000000266e-01
2.307692307692307265e-01
1.243243243243243451e-01
2.827763496143958707e-02
3.661971830985915471e-02
1.089108910891089105e-01
1.243243243243243451e-01
2.827763496143958707e-02
1.428571428571428492e-01
1.089108910891089105e-01
6.666666666666666574e-02
5.923344947735191546e-02
3.225806451612903136e-02
4.672897196261682068e-02
5.263157894736841813e-02
2.127659574468085055e-02
1.940298507462685784e-01
6.666666666666666574e-02
1.655629139072847533e-01
8.474576271186440302e-02
1.089108910891089105e-01
2.307692307692307265e-01
5.263157894736841813e-02
1.089108910891089105e-01
6.666666666666666574e-02
9.589041095890409039e-02
2.463054187192117994e-02
1.940298507462685784e-01
6.326530612244890550e-01
2.307692307692307265e-01
3.661971830985915471e-02
4.672897196261682068e-02
5.923344947735191546e-02
7.509881422924900851e-02
5.923344947735191546e-02
4.142011834319527658e-02
1.940298507462685784e-01
9.589041095890409039e-02
9.589041095890409039e-02
3.661971830985915471e-02
3.661971830985915471e-02
1.940298507462685784e-01
1.243243243243243451e-01
3.225806451612903136e-02
1.655629139072847533e-01
4.672897196261682068e-02
1.940298507462685784e-01
7.509881422924900851e-02
1.940298507462685784e-01
5.923344947735191546e-02
1.428571428571428492e-01
1.655629139072847533e-01
4.672897196261682068e-02
2.800000000000000266e-01
3.225806451612903136e-02
1.655629139072847533e-01
1.089108910891089105e-01
1.089108910891089105e-01
1.089108910891089105e-01
6.666666666666666574e-02
5.263157894736841813e-02
1.655629139072847533e-01
6.666666666666666574e-02
1.428571428571428492e-01
1.655629139072847533e-01
4.672897196261682068e-02
1.428571428571428492e-01
8.474576271186440302e-02
2.463054187192117994e-02
1.940298507462685784e-01
3.661971830985915471e-02
4.142011834319527658e-02
5.923344947735191546e-02
4.142011834319527658e-02
5.263157894736841813e-02
4.672897196261682068e-02
5.923344947735191546e-02
3.225806451612903136e-02
1.428571428571428492e-01
1.655629139072847533e-01
3.225806451612903136e-02
2.307692307692307265e-01
4.672897196261682068e-02
3.225806451612903136e-02
1.940298507462685784e-01
7.509881422924900851e-02
4.142011834319527658e-02
4.142011834319527658e-02
9.589041095890409039e-02
1.089108910891089105e-01
4.672897196261682068e-02
3.661971830985915471e-02
8.474576271186440302e-02
1.428571428571428492e-01
5.263157894736841813e-02
8.474576271186440302e-02
1.243243243243243451e-01
3.225806451612903136e-02
1.089108910891089105e-01
3.225806451612903136e-02
1.940298507462685784e-01
4.142011834319527658e-02
1.428571428571428492e-01
5.923344947735191546e-02
4.545454545454544748e-01
5.923344947735191546e-02
2.800000000000000266e-01
1.428571428571428492e-01
2.307692307692307265e-01
5.263157894736841813e-02
9.589041095890409039e-02
1.655629139072847533e-01
3.493975903614456313e-01
6.666666666666666574e-02
5.923344947735191546e-02
4.672897196261682068e-02
5.263157894736841813e-02
1.428571428571428492e-01
3.493975903614456313e-01
8.474576271186440302e-02
1.655629139072847533e-01
4.672897196261682068e-02
6.666666666666666574e-02
4.672897196261682068e-02
2.827763496143958707e-02
4.672897196261682068e-02
8.474576271186440302e-02
8.474576271186440302e-02
1.089108910891089105e-01
2.307692307692307265e-01
8.474576271186440302e-02
6.666666666666666574e-02
3.661971830985915471e-02
1.428571428571428492e-01
5.263157894736841813e-02
2.800000000000000266e-01
1.089108910891089105e-01
8.474576271186440302e-02
7.509881422924900851e-02
5.923344947735191546e-02
2.800000000000000266e-01
1.428571428571428492e-01
1.428571428571428492e-01
4.142011834319527658e-02
4.672897196261682068e-02
3.661971830985915471e-02
6.666666666666666574e-02
1.940298507462685784e-01
2.827763496143958707e-02
1.655629139072847533e-01
7.509881422924900851e-02
3.661971830985915471e-02
1.428571428571428492e-01
3.661971830985915471e-02
4.142011834319527658e-02
1.089108910891089105e-01
2.307692307692307265e-01
3.493975903614456313e-01
1.940298507462685784e-01
9.589041095890409039e-02
3.225806451612903136e-02
7.509881422924900851e-02
5.263157894736841813e-02
5.263157894736841813e-02
4.672897196261682068e-02
3.493975903614456313e-01
4.672897196261682068e-02
1.655629139072847533e-01
2.800000000000000266e-01
4.142011834319527658e-02
4.142011834319527658e-02
1.655629139072847533e-01
7.509881422924900851e-02
1.089108910891089105e-01
5.923344947735191546e-02
1.428571428571428492e-01
1.428571428571428492e-01
8.474576271186440302e-02
4.672897196261682068e-02
9.589041095890409039e-02
6.666666666666666574e-02
4.142011834319527658e-02
4.142011834319527658e-02
2.827763496143958707e-02
3.661971830985915471e-02
1.940298507462685784e-01
7.509881422924900851e-02
2.800000000000000266e-01
7.509881422924900851e-02
4.545454545454544748e-01
5.263157894736841813e-02
9.589041095890409039e-02
2.463054187192117994e-02
1.940298507462685784e-01
1.940298507462685784e-01
1.428571428571428492e-01
3.225806451612903136e-02
3.225806451612903136e-02
1.089108910891089105e-01
1.089108910891089105e-01
1.089108910891089105e-01
1.655629139072847533e-01
1.655629139072847533e-01
4.672897196261682068e-02
1.940298507462685784e-01
1.089108910891089105e-01
1.428571428571428492e-01
3.661971830985915471e-02
1.428571428571428492e-01
1.243243243243243451e-01
2.827763496143958707e-02
1.089108910891089105e-01
1.428571428571428492e-01
4.142011834319527658e-02
8.474576271186440302e-02
4.672897196261682068e-02
6.666666666666666574e-02
1.243243243243243451e-01
1.243243243243243451e-01
1.428571428571428492e-01
1.243243243243243451e-01
5.923344947735191546e-02
1.940298507462685784e-01
8.474576271186440302e-02
1.243243243243243451e-01
1.940298507462685784e-01
4.672897196261682068e-02
7.509881422924900851e-02
4.142011834319527658e-02
3.225806451612903136e-02
3.225806451612903136e-02
5.923344947735191546e-02
3.661971830985915471e-02
2.800000000000000266e-01
8.474576271186440302e-02
4.142011834319527658e-02
4.672897196261682068e-02
4.142011834319527658e-02
1.089108910891089105e-01
1.243243243243243451e-01
9.589041095890409039e-02
8.474576271186440302e-02
6.666666666666666574e-02
2.307692307692307265e-01
1.655629139072847533e-01
1.655629139072847533e-01
1.940298507462685784e-01
8.474576271186440302e-02
1.428571428571428492e-01
2.827763496143958707e-02
2.800000000000000266e-01
4.672897196261682068e-02
7.509881422924900851e-02
3.225806451612903136e-02
1.940298507462685784e-01
2.307692307692307265e-01
1.089108910891089105e-01
5.923344947735191546e-02
1.089108910891089105e-01
8.474576271186440302e-02
1.243243243243243451e-01
2.827763496143958707e-02
8.474576271186440302e-02
4.142011834319527658e-02
1.940298507462685784e-01
5.923344947735191546e-02
4.672897196261682068e-02
1.243243243243243451e-01
4.672897196261682068e-02
1.243243243243243451e-01
5.263157894736841813e-02
7.509881422924900851e-02
1.940298507462685784e-01
5.263157894736841813e-02
3.661971830985915471e-02
8.474576271186440302e-02
1.428571428571428492e-01
1.655629139072847533e-01
4.672897196261682068e-02
7.509881422924900851e-02
1.655629139072847533e-01
1.428571428571428492e-01
1.655629139072847533e-01
3.661971830985915471e-02
1.089108910891089105e-01
1.428571428571428492e-01
5.923344947735191546e-02
4.142011834319527658e-02
1.940298507462685784e-01
1.940298507462685784e-01
1.089108910891089105e-01
4.142011834319527658e-02
1.243243243243243451e-01
6.666666666666666574e-02
1.428571428571428492e-01
5.263157894736841813e-02
8.474576271186440302e-02
4.672897196261682068e-02
1.655629139072847533e-01
1.428571428571428492e-01
4.142011834319527658e-02
1.243243243243243451e-01
3.225806451612903136e-02
7.509881422924900851e-02
8.474576271186440302e-02
8.474576271186440302e-02
1.089108910891089105e-01
1.655629139072847533e-01
8.474576271186440302e-02
5.263157894736841813e-02
3.661971830985915471e-02
1.428571428571428492e-01
3.493975903614456313e-01
4.672897196261682068e-02
4.142011834319527658e-02
1.940298507462685784e-01
5.263157894736841813e-02
8.474576271186440302e-02
1.655629139072847533e-01
4.142011834319527658e-02
4.672897196261682068e-02
4.672897196261682068e-02
3.661971830985915471e-02
8.474576271186440302e-02
1.655629139072847533e-01
4.672897196261682068e-02
1.089108910891089105e-01
2.827763496143958707e-02
8.474576271186440302e-02
2.827763496143958707e-02
1.243243243243243451e-01
4.142011834319527658e-02
2.463054187192117994e-02
1.243243243243243451e-01
7.509881422924900851e-02
8.474576271186440302e-02
1.243243243243243451e-01
1.243243243243243451e-01
2.307692307692307265e-01
3.225806451612903136e-02
1.243243243243243451e-01
3.661971830985915471e-02
1.940298507462685784e-01
2.307692307692307265e-01
6.326530612244890550e-01
5.923344947735191546e-02
6.666666666666666574e-02
1.089108910891089105e-01
9.589041095890409039e-02
6.666666666666666574e-02
1.428571428571428492e-01
8.474576271186440302e-02
1.655629139072847533e-01
8.474576271186440302e-02
1.089108910891089105e-01
1.089108910891089105e-01
2.307692307692307265e-01
2.463054187192117994e-02
1.655629139072847533e-01
6.666666666666666574e-02
5.263157894736841813e-02
7.509881422924900851e-02
5.263157894736841813e-02
4.142011834319527658e-02
1.940298507462685784e-01
