1.359999999999999543e-01
5.484247374562428029e-02
1.666666666666666852e-01
4.275286757038580798e-02
3.448275862068966163e-02
6.463878326996198853e-02
9.035222052067380660e-02
3.762376237623762248e-02
2.617801047120418834e-02
8.656716417910448325e-02
1.666666666666666852e-01
3.448275862068966163e-02
5.953827460510328906e-02
1.519756838905775113e-02
2.030869212022745618e-02
4.845814977973567778e-02
1.359999999999999543e-01
1.359999999999999543e-01
7.628294036061025740e-02
1.126760563380281299e-01
4.915254237288131933e-01
3.927492447129909969e-02
3.684210526315787604e-01
1.126760563380281299e-01
1.333333333333333419e-02
8.296943231441046562e-02
5.484247374562428029e-02
4.648648648648649045e-02
2.219020172910662614e-01
3.762376237623762248e-02
9.035222052067380660e-02
7.317073170731708265e-02
2.141680395387149730e-02
4.275286757038580798e-02
1.076923076923076983e-01
4.648648648648649045e-02
3.153988868274582719e-02
8.296943231441046562e-02
7.019867549668873385e-02
6.203473945409428147e-02
4.648648648648649045e-02
1.076923076923076983e-01
7.317073170731708265e-02
5.263157894736841813e-02
2.702702702702701187e-01
4.098360655737704611e-02
4.648648648648649045e-02
1.295938104448742800e-01
8.296943231441046562e-02
3.602726387536514530e-02
1.076923076923076983e-01
4.648648648648649045e-02
5.484247374562428029e-02
3.762376237623762248e-02
2.372881355932203798e-02
1.076923076923076983e-01
1.126760563380281299e-01
5.953827460510328906e-02
3.762376237623762248e-02
6.203473945409428147e-02
7.954545454545455807e-02
8.296943231441046562e-02
6.735751295336786515e-02
5.050505050505050414e-02
1.428571428571428492e-01
5.484247374562428029e-02
5.050505050505050414e-02
1.076923076923076983e-01
9.035222052067380660e-02
2.617801047120418834e-02
5.484247374562428029e-02
9.433962264150942689e-02
2.523961661341853069e-01
1.359999999999999543e-01
4.458598726114650079e-02
7.019867549668873385e-02
4.275286757038580798e-02
3.602726387536514530e-02
9.433962264150942689e-02
3.448275862068966163e-02
5.050505050505050414e-02
4.648648648648649045e-02
6.735751295336786515e-02
7.954545454545455807e-02
3.013698630136986065e-02
4.648648648648649045e-02
5.714285714285714107e-02
1.076923076923076983e-01
1.968503937007873017e-01
3.762376237623762248e-02
6.735751295336786515e-02
7.019867549668873385e-02
1.076923076923076983e-01
3.762376237623762248e-02
6.203473945409428147e-02
1.295938104448742800e-01
3.153988868274582719e-02
2.030869212022745618e-02
2.372881355932203798e-02
1.666666666666666852e-01
1.968503937007873017e-01
3.448275862068966163e-02
1.076923076923076983e-01
3.927492447129909969e-02
1.179673321234120109e-01
6.463878326996198853e-02
1.126760563380281299e-01
1.716068642745709888e-02
5.484247374562428029e-02
7.628294036061025740e-02
6.735751295336786515e-02
1.428571428571428492e-01
1.968503937007873017e-01
9.433962264150942689e-02
1.179673321234120109e-01
4.458598726114650079e-02
4.458598726114650079e-02
1.029900332225913429e-01
4.458598726114650079e-02
9.035222052067380660e-02
1.235955056179775108e-01
4.845814977973567778e-02
3.448275862068966163e-02
5.484247374562428029e-02
1.519756838905775113e-02
1.818181818181818440e-02
3.927492447129909969e-02
1.716068642745709888e-02
2.617801047120418834e-02
9.854604200323098528e-02
4.458598726114650079e-02
5.953827460510328906e-02
2.372881355932203798e-02
5.484247374562428029e-02
5.050505050505050414e-02
1.235955056179775108e-01
2.372881355932203798e-02
3.387755102040816979e-01
1.923076923076922837e-02
1.666666666666666852e-01
6.463878326996198853e-02
3.927492447129909969e-02
4.458598726114650079e-02
1.126760563380281299e-01
7.019867549668873385e-02
6.203473945409428147e-02
5.050505050505050414e-02
4.098360655737704611e-02
2.493551160791058000e-02
1.359999999999999543e-01
4.648648648648649045e-02
6.203473945409428147e-02
2.030869212022745618e-02
3.762376237623762248e-02
1.818181818181818440e-02
9.035222052067380660e-02
5.050505050505050414e-02
5.714285714285714107e-02
6.203473945409428147e-02
7.954545454545455807e-02
2.617801047120418834e-02
1.029900332225913429e-01
1.359999999999999543e-01
4.458598726114650079e-02
2.372881355932203798e-02
1.359999999999999543e-01
9.433962264150942689e-02
2.617801047120418834e-02
3.298774740810556105e-02
7.317073170731708265e-02
5.050505050505050414e-02
7.954545454545455807e-02
4.275286757038580798e-02
8.656716417910448325e-02
2.702702702702701187e-01
6.463878326996198853e-02
3.927492447129909969e-02
1.428571428571428492e-01
5.953827460510328906e-02
3.927492447129909969e-02
2.745792736935340900e-02
4.845814977973567778e-02
3.298774740810556105e-02
4.458598726114650079e-02
1.818181818181818440e-02
5.953827460510328906e-02
2.087912087912087433e-01
4.275286757038580798e-02
7.317073170731708265e-02
1.156069364161849654e-02
3.927492447129909969e-02
4.275286757038580798e-02
5.714285714285714107e-02
4.648648648648649045e-02
3.602726387536514530e-02
3.153988868274582719e-02
6.463878326996198853e-02
1.502145922746780937e-01
2.617801047120418834e-02
2.363636363636363591e-01
1.968503937007873017e-01
1.029900332225913429e-01
3.298774740810556105e-02
4.648648648648649045e-02
2.087912087912087433e-01
4.648648648648649045e-02
6.735751295336786515e-02
9.433962264150942689e-02
8.656716417910448325e-02
1.295938104448742800e-01
1.295938104448742800e-01
1.333333333333333419e-02
1.076923076923076983e-01
7.317073170731708265e-02
8.656716417910448325e-02
4.275286757038580798e-02
6.203473945409428147e-02
1.428571428571428492e-01
2.877697841726618508e-02
5.263157894736841813e-02
2.877697841726618508e-02
2.030869212022745618e-02
8.656716417910448325e-02
1.126760563380281299e-01
4.275286757038580798e-02
2.030869212022745618e-02
7.019867549668873385e-02
9.035222052067380660e-02
6.463878326996198853e-02
7.628294036061025740e-02
1.235955056179775108e-01
4.845814977973567778e-02
5.714285714285714107e-02
4.458598726114650079e-02
2.030869212022745618e-02
5.263157894736841813e-02
3.602726387536514530e-02
7.628294036061025740e-02
3.013698630136986065e-02
8.296943231441046562e-02
4.648648648648649045e-02
8.296943231441046562e-02
4.098360655737704611e-02
8.296943231441046562e-02
3.602726387536514530e-02
4.648648648648649045e-02
2.141680395387149730e-02
5.953827460510328906e-02
1.076923076923076983e-01
5.263157894736841813e-02
8.656716417910448325e-02
5.050505050505050414e-02
9.854604200323098528e-02
2.745792736935340900e-02
3.762376237623762248e-02
8.296943231441046562e-02
1.666666666666666852e-01
4.275286757038580798e-02
1.295938104448742800e-01
1.581291759465478786e-01
8.296943231441046562e-02
6.463878326996198853e-02
7.954545454545455807e-02
2.255639097744361124e-02
2.493551160791058000e-02
9.854604200323098528e-02
1.666666666666666852e-01
5.499999999999997113e-01
1.759036144578312866e-01
8.296943231441046562e-02
9.433962264150942689e-02
1.179673321234120109e-01
3.762376237623762248e-02
1.179673321234120109e-01
3.153988868274582719e-02
3.298774740810556105e-02
8.656716417910448325e-02
7.954545454545455807e-02
7.317073170731708265e-02
3.013698630136986065e-02
6.735751295336786515e-02
1.179673321234120109e-01
1.179673321234120109e-01
1.359999999999999543e-01
5.953827460510328906e-02
1.968503937007873017e-01
4.458598726114650079e-02
4.458598726114650079e-02
5.484247374562428029e-02
1.359999999999999543e-01
1.359999999999999543e-01
7.628294036061025740e-02
5.263157894736841813e-02
7.628294036061025740e-02
9.854604200323098528e-02
9.433962264150942689e-02
4.098360655737704611e-02
3.927492447129909969e-02
2.617801047120418834e-02
3.448275862068966163e-02
4.845814977973567778e-02
6.203473945409428147e-02
1.428571428571428492e-01
3.448275862068966163e-02
6.735751295336786515e-02
4.648648648648649045e-02
1.179673321234120109e-01
4.098360655737704611e-02
4.648648648648649045e-02
1.235955056179775108e-01
3.602726387536514530e-02
2.877697841726618508e-02
3.298774740810556105e-02
1.029900332225913429e-01
3.387755102040816979e-01
6.735751295336786515e-02
5.484247374562428029e-02
4.458598726114650079e-02
1.428571428571428492e-01
6.463878326996198853e-02
3.762376237623762248e-02
5.484247374562428029e-02
4.648648648648649045e-02
6.203473945409428147e-02
3.602726387536514530e-02
1.179673321234120109e-01
3.448275862068966163e-02
3.762376237623762248e-02
4.845814977973567778e-02
3.602726387536514530e-02
5.714285714285714107e-02
7.954545454545455807e-02
4.432989690721650389e-01
7.317073170731708265e-02
3.153988868274582719e-02
5.050505050505050414e-02
3.448275862068966163e-02
9.854604200323098528e-02
4.432989690721650389e-01
6.463878326996198853e-02
6.203473945409428147e-02
2.877697841726618508e-02
1.428571428571428492e-01
2.877697841726618508e-02
1.076923076923076983e-01
7.954545454545455807e-02
3.927492447129909969e-02
3.762376237623762248e-02
9.035222052067380660e-02
7.317073170731708265e-02
3.762376237623762248e-02
3.927492447129909969e-02
1.126760563380281299e-01
4.275286757038580798e-02
2.255639097744361124e-02
1.759036144578312866e-01
3.602726387536514530e-02
1.428571428571428492e-01
2.219020172910662614e-01
4.275286757038580798e-02
4.845814977973567778e-02
1.295938104448742800e-01
5.263157894736841813e-02
7.954545454545455807e-02
1.295938104448742800e-01
1.179673321234120109e-01
6.203473945409428147e-02
7.317073170731708265e-02
1.359999999999999543e-01
3.013698630136986065e-02
1.333333333333333419e-02
6.203473945409428147e-02
5.263157894736841813e-02
2.087912087912087433e-01
3.602726387536514530e-02
5.484247374562428029e-02
1.859296482412060303e-01
3.387755102040816979e-01
1.076923076923076983e-01
1.179673321234120109e-01
5.953827460510328906e-02
7.954545454545455807e-02
3.762376237623762248e-02
2.877697841726618508e-02
9.035222052067380660e-02
5.484247374562428029e-02
1.616628175519630242e-02
1.235955056179775108e-01
4.845814977973567778e-02
5.484247374562428029e-02
3.298774740810556105e-02
5.263157894736841813e-02
1.759036144578312866e-01
1.179673321234120109e-01
3.927492447129909969e-02
1.502145922746780937e-01
3.448275862068966163e-02
3.013698630136986065e-02
6.203473945409428147e-02
6.735751295336786515e-02
4.458598726114650079e-02
4.275286757038580798e-02
9.035222052067380660e-02
3.448275862068966163e-02
5.050505050505050414e-02
1.029900332225913429e-01
8.296943231441046562e-02
2.493551160791058000e-02
4.098360655737704611e-02
1.295938104448742800e-01
4.098360655737704611e-02
4.275286757038580798e-02
9.035222052067380660e-02
2.745792736935340900e-02
3.013698630136986065e-02
1.179673321234120109e-01
1.923076923076922837e-02
1.126760563380281299e-01
3.153988868274582719e-02
3.298774740810556105e-02
1.502145922746780937e-01
7.019867549668873385e-02
1.333333333333333419e-02
2.617801047120418834e-02
8.296943231441046562e-02
2.363636363636363591e-01
6.203473945409428147e-02
6.203473945409428147e-02
4.845814977973567778e-02
1.235955056179775108e-01
7.019867549668873385e-02
1.179673321234120109e-01
2.745792736935340900e-02
3.298774740810556105e-02
5.050505050505050414e-02
1.126760563380281299e-01
7.019867549668873385e-02
9.433962264150942689e-02
7.954545454545455807e-02
3.927492447129909969e-02
3.013698630136986065e-02
2.877697841726618508e-02
9.035222052067380660e-02
2.523961661341853069e-01
6.463878326996198853e-02
1.666666666666666852e-01
3.927492447129909969e-02
2.372881355932203798e-02
4.275286757038580798e-02
1.581291759465478786e-01
4.648648648648649045e-02
3.762376237623762248e-02
7.628294036061025740e-02
1.502145922746780937e-01
5.714285714285714107e-02
3.298774740810556105e-02
5.263157894736841813e-02
5.050505050505050414e-02
7.628294036061025740e-02
3.448275862068966163e-02
1.070663811563169095e-02
1.425356339084771391e-02
3.129770992366409654e-01
3.762376237623762248e-02
1.076923076923076983e-01
3.762376237623762248e-02
1.076923076923076983e-01
2.363636363636363591e-01
3.013698630136986065e-02
4.458598726114650079e-02
1.359999999999999543e-01
1.029900332225913429e-01
5.484247374562428029e-02
9.433962264150942689e-02
1.581291759465478786e-01
1.126760563380281299e-01
6.463878326996198853e-02
1.616628175519630242e-02
2.877697841726618508e-02
1.235955056179775108e-01
1.502145922746780937e-01
2.219020172910662614e-01
4.845814977973567778e-02
3.602726387536514530e-02
5.484247374562428029e-02
9.854604200323098528e-02
1.295938104448742800e-01
7.019867549668873385e-02
9.854604200323098528e-02
9.854604200323098528e-02
7.954545454545455807e-02
1.428571428571428492e-01
3.298774740810556105e-02
9.035222052067380660e-02
4.845814977973567778e-02
1.759036144578312866e-01
4.458598726114650079e-02
3.927492447129909969e-02
1.295938104448742800e-01
4.275286757038580798e-02
3.927492447129909969e-02
5.050505050505050414e-02
2.617801047120418834e-02
1.076923076923076983e-01
1.235955056179775108e-01
1.581291759465478786e-01
4.098360655737704611e-02
3.602726387536514530e-02
7.317073170731708265e-02
4.275286757038580798e-02
3.013698630136986065e-02
8.656716417910448325e-02
5.484247374562428029e-02
1.923076923076922837e-02
1.295938104448742800e-01
1.859296482412060303e-01
4.648648648648649045e-02
9.035222052067380660e-02
6.735751295336786515e-02
8.656716417910448325e-02
5.050505050505050414e-02
1.968503937007873017e-01
8.656716417910448325e-02
1.076923076923076983e-01
6.203473945409428147e-02
7.019867549668873385e-02
3.602726387536514530e-02
6.735751295336786515e-02
1.295938104448742800e-01
4.458598726114650079e-02
5.263157894736841813e-02
1.179673321234120109e-01
3.013698630136986065e-02
9.433962264150942689e-02
1.759036144578312866e-01
7.317073170731708265e-02
1.295938104448742800e-01
5.953827460510328906e-02
3.298774740810556105e-02
6.735751295336786515e-02
5.263157894736841813e-02
1.581291759465478786e-01
7.317073170731708265e-02
1.029900332225913429e-01
9.854604200323098528e-02
5.050505050505050414e-02
1.716068642745709888e-02
1.502145922746780937e-01
4.845814977973567778e-02
7.019867549668873385e-02
3.762376237623762248e-02
5.714285714285714107e-02
4.275286757038580798e-02
2.877697841726618508e-02
9.035222052067380660e-02
4.458598726114650079e-02
5.953827460510328906e-02
5.050505050505050414e-02
3.602726387536514530e-02
2.141680395387149730e-02
5.484247374562428029e-02
1.581291759465478786e-01
8.296943231441046562e-02
2.493551160791058000e-02
2.617801047120418834e-02
3.927492447129909969e-02
1.076923076923076983e-01
1.295938104448742800e-01
3.153988868274582719e-02
2.493551160791058000e-02
7.628294036061025740e-02
5.714285714285714107e-02
3.153988868274582719e-02
5.484247374562428029e-02
3.762376237623762248e-02
4.275286757038580798e-02
1.616628175519630242e-02
7.954545454545455807e-02
3.684210526315787604e-01
9.035222052067380660e-02
2.617801047120418834e-02
2.030869212022745618e-02
5.953827460510328906e-02
6.203473945409428147e-02
1.425356339084771391e-02
1.235955056179775108e-01
1.076923076923076983e-01
1.235955056179775108e-01
5.484247374562428029e-02
7.628294036061025740e-02
3.129770992366409654e-01
4.648648648648649045e-02
6.463878326996198853e-02
3.927492447129909969e-02
7.019867549668873385e-02
1.581291759465478786e-01
3.602726387536514530e-02
9.854604200323098528e-02
5.050505050505050414e-02
2.877697841726618508e-02
3.298774740810556105e-02
2.877697841726618508e-02
9.854604200323098528e-02
5.050505050505050414e-02
4.275286757038580798e-02
4.845814977973567778e-02
6.203473945409428147e-02
1.359999999999999543e-01
1.359999999999999543e-01
1.428571428571428492e-01
5.263157894736841813e-02
5.484247374562428029e-02
1.759036144578312866e-01
2.745792736935340900e-02
2.087912087912087433e-01
2.255639097744361124e-02
8.296943231441046562e-02
2.141680395387149730e-02
1.076923076923076983e-01
9.433962264150942689e-02
1.295938104448742800e-01
4.458598726114650079e-02
2.030869212022745618e-02
9.433962264150942689e-02
2.617801047120418834e-02
4.845814977973567778e-02
7.628294036061025740e-02
1.333333333333333419e-02
2.372881355932203798e-02
1.818181818181818440e-02
1.581291759465478786e-01
6.203473945409428147e-02
1.581291759465478786e-01
3.927492447129909969e-02
1.716068642745709888e-02
2.030869212022745618e-02
6.735751295336786515e-02
4.275286757038580798e-02
1.076923076923076983e-01
1.581291759465478786e-01
1.666666666666666852e-01
5.484247374562428029e-02
1.076923076923076983e-01
2.255639097744361124e-02
5.050505050505050414e-02
7.954545454545455807e-02
5.263157894736841813e-02
5.484247374562428029e-02
4.028436018957345377e-01
4.648648648648649045e-02
7.628294036061025740e-02
4.648648648648649045e-02
2.087912087912087433e-01
3.153988868274582719e-02
5.714285714285714107e-02
9.433962264150942689e-02
5.953827460510328906e-02
8.296943231441046562e-02
1.666666666666666852e-01
1.359999999999999543e-01
1.616628175519630242e-02
3.153988868274582719e-02
6.203473945409428147e-02
5.953827460510328906e-02
1.818181818181818440e-02
4.098360655737704611e-02
1.295938104448742800e-01
3.448275862068966163e-02
1.859296482412060303e-01
9.854604200323098528e-02
1.076923076923076983e-01
7.954545454545455807e-02
5.484247374562428029e-02
2.903225806451612545e-01
7.317073170731708265e-02
5.953827460510328906e-02
8.296943231441046562e-02
1.759036144578312866e-01
7.317073170731708265e-02
6.463878326996198853e-02
3.762376237623762248e-02
1.179673321234120109e-01
5.484247374562428029e-02
5.953827460510328906e-02
2.219020172910662614e-01
5.263157894736841813e-02
1.581291759465478786e-01
1.126760563380281299e-01
1.968503937007873017e-01
3.448275862068966163e-02
2.702702702702701187e-01
6.463878326996198853e-02
1.295938104448742800e-01
1.923076923076922837e-02
1.581291759465478786e-01
7.954545454545455807e-02
4.845814977973567778e-02
1.076923076923076983e-01
2.141680395387149730e-02
1.076923076923076983e-01
7.628294036061025740e-02
9.035222052067380660e-02
8.296943231441046562e-02
9.433962264150942689e-02
4.275286757038580798e-02
4.648648648648649045e-02
4.098360655737704611e-02
8.296943231441046562e-02
1.666666666666666852e-01
4.458598726114650079e-02
4.845814977973567778e-02
1.616628175519630242e-02
2.617801047120418834e-02
9.433962264150942689e-02
7.954545454545455807e-02
6.203473945409428147e-02
5.263157894736841813e-02
3.298774740810556105e-02
4.275286757038580798e-02
9.854604200323098528e-02
4.275286757038580798e-02
2.141680395387149730e-02
5.050505050505050414e-02
4.648648648648649045e-02
3.448275862068966163e-02
1.179673321234120109e-01
1.425356339084771391e-02
7.628294036061025740e-02
4.028436018957345377e-01
1.581291759465478786e-01
1.759036144578312866e-01
7.628294036061025740e-02
1.179673321234120109e-01
9.433962264150942689e-02
1.029900332225913429e-01
2.493551160791058000e-02
1.759036144578312866e-01
3.927492447129909969e-02
1.126760563380281299e-01
4.458598726114650079e-02
5.484247374562428029e-02
1.295938104448742800e-01
3.927492447129909969e-02
1.759036144578312866e-01
6.735751295336786515e-02
5.484247374562428029e-02
1.502145922746780937e-01
8.296943231441046562e-02
9.854604200323098528e-02
2.141680395387149730e-02
1.179673321234120109e-01
4.458598726114650079e-02
2.363636363636363591e-01
4.098360655737704611e-02
7.954545454545455807e-02
1.759036144578312866e-01
5.714285714285714107e-02
2.493551160791058000e-02
8.656716417910448325e-02
2.617801047120418834e-02
4.648648648648649045e-02
3.762376237623762248e-02
9.433962264150942689e-02
1.859296482412060303e-01
1.029900332225913429e-01
4.845814977973567778e-02
3.013698630136986065e-02
1.428571428571428492e-01
7.019867549668873385e-02
2.141680395387149730e-02
1.076923076923076983e-01
4.845814977973567778e-02
1.428571428571428492e-01
4.845814977973567778e-02
2.030869212022745618e-02
1.235955056179775108e-01
3.448275862068966163e-02
4.845814977973567778e-02
9.433962264150942689e-02
2.493551160791058000e-02
9.433962264150942689e-02
3.602726387536514530e-02
1.126760563380281299e-01
2.877697841726618508e-02
4.458598726114650079e-02
4.275286757038580798e-02
7.317073170731708265e-02
9.854604200323098528e-02
3.298774740810556105e-02
6.203473945409428147e-02
1.235955056179775108e-01
3.762376237623762248e-02
5.714285714285714107e-02
2.877697841726618508e-02
7.954545454545455807e-02
5.050505050505050414e-02
3.448275862068966163e-02
2.523961661341853069e-01
6.203473945409428147e-02
8.296943231441046562e-02
5.953827460510328906e-02
4.648648648648649045e-02
1.359999999999999543e-01
6.735751295336786515e-02
5.484247374562428029e-02
3.762376237623762248e-02
8.656716417910448325e-02
3.762376237623762248e-02
5.263157894736841813e-02
4.098360655737704611e-02
1.179673321234120109e-01
3.762376237623762248e-02
4.845814977973567778e-02
4.648648648648649045e-02
8.296943231441046562e-02
4.458598726114650079e-02
2.493551160791058000e-02
4.275286757038580798e-02
5.263157894736841813e-02
1.666666666666666852e-01
3.013698630136986065e-02
4.648648648648649045e-02
8.656716417910448325e-02
6.203473945409428147e-02
1.859296482412060303e-01
2.087912087912087433e-01
4.845814977973567778e-02
1.076923076923076983e-01
7.628294036061025740e-02
7.628294036061025740e-02
9.854604200323098528e-02
3.684210526315787604e-01
1.759036144578312866e-01
6.735751295336786515e-02
2.617801047120418834e-02
4.098360655737704611e-02
9.854604200323098528e-02
3.927492447129909969e-02
7.628294036061025740e-02
1.295938104448742800e-01
6.463878326996198853e-02
4.845814977973567778e-02
7.317073170731708265e-02
5.050505050505050414e-02
4.845814977973567778e-02
1.502145922746780937e-01
3.298774740810556105e-02
5.263157894736841813e-02
4.275286757038580798e-02
3.602726387536514530e-02
3.013698630136986065e-02
3.298774740810556105e-02
4.098360655737704611e-02
8.296943231441046562e-02
4.648648648648649045e-02
4.432989690721650389e-01
3.153988868274582719e-02
7.628294036061025740e-02
1.179673321234120109e-01
4.275286757038580798e-02
2.903225806451612545e-01
1.179673321234120109e-01
6.203473945409428147e-02
5.714285714285714107e-02
1.759036144578312866e-01
5.263157894736841813e-02
8.296943231441046562e-02
7.317073170731708265e-02
6.203473945409428147e-02
5.263157894736841813e-02
4.458598726114650079e-02
5.714285714285714107e-02
1.859296482412060303e-01
3.298774740810556105e-02
5.263157894736841813e-02
1.359999999999999543e-01
3.298774740810556105e-02
2.523961661341853069e-01
9.854604200323098528e-02
5.050505050505050414e-02
1.359999999999999543e-01
5.050505050505050414e-02
5.953827460510328906e-02
2.617801047120418834e-02
1.359999999999999543e-01
1.519756838905775113e-02
1.818181818181818440e-02
7.019867549668873385e-02
4.275286757038580798e-02
3.298774740810556105e-02
1.295938104448742800e-01
6.735751295336786515e-02
3.448275862068966163e-02
2.363636363636363591e-01
1.333333333333333419e-02
1.581291759465478786e-01
1.428571428571428492e-01
4.648648648648649045e-02
2.372881355932203798e-02
1.502145922746780937e-01
3.448275862068966163e-02
8.656716417910448325e-02
3.153988868274582719e-02
4.915254237288131933e-01
1.076923076923076983e-01
1.759036144578312866e-01
2.255639097744361124e-02
2.877697841726618508e-02
3.153988868274582719e-02
2.877697841726618508e-02
4.845814977973567778e-02
5.050505050505050414e-02
1.818181818181818440e-02
8.656716417910448325e-02
5.714285714285714107e-02
4.098360655737704611e-02
4.275286757038580798e-02
5.050505050505050414e-02
8.656716417910448325e-02
5.484247374562428029e-02
8.296943231441046562e-02
7.954545454545455807e-02
5.484247374562428029e-02
7.317073170731708265e-02
9.854604200323098528e-02
2.493551160791058000e-02
5.050505050505050414e-02
1.029900332225913429e-01
2.030869212022745618e-02
4.648648648648649045e-02
4.275286757038580798e-02
3.298774740810556105e-02
9.035222052067380660e-02
1.179673321234120109e-01
1.581291759465478786e-01
5.050505050505050414e-02
1.818181818181818440e-02
5.263157894736841813e-02
6.735751295336786515e-02
6.735751295336786515e-02
7.019867549668873385e-02
3.602726387536514530e-02
7.019867549668873385e-02
1.126760563380281299e-01
1.581291759465478786e-01
5.050505050505050414e-02
9.035222052067380660e-02
3.762376237623762248e-02
7.628294036061025740e-02
6.203473945409428147e-02
1.359999999999999543e-01
7.628294036061025740e-02
9.035222052067380660e-02
3.602726387536514530e-02
1.126760563380281299e-01
3.153988868274582719e-02
5.263157894736841813e-02
1.126760563380281299e-01
7.954545454545455807e-02
1.581291759465478786e-01
5.714285714285714107e-02
1.818181818181818440e-02
3.448275862068966163e-02
3.298774740810556105e-02
5.714285714285714107e-02
2.363636363636363591e-01
6.223776223776221750e-01
2.363636363636363591e-01
3.013698630136986065e-02
6.463878326996198853e-02
3.602726387536514530e-02
1.716068642745709888e-02
1.295938104448742800e-01
7.317073170731708265e-02
4.845814977973567778e-02
3.602726387536514530e-02
5.050505050505050414e-02
2.903225806451612545e-01
3.153988868274582719e-02
5.714285714285714107e-02
5.714285714285714107e-02
1.295938104448742800e-01
6.463878326996198853e-02
6.463878326996198853e-02
4.098360655737704611e-02
5.050505050505050414e-02
4.648648648648649045e-02
2.372881355932203798e-02
2.493551160791058000e-02
1.235955056179775108e-01
6.463878326996198853e-02
1.295938104448742800e-01
9.035222052067380660e-02
5.050505050505050414e-02
4.845814977973567778e-02
5.263157894736841813e-02
3.762376237623762248e-02
1.029900332225913429e-01
2.617801047120418834e-02
5.263157894736841813e-02
5.263157894736841813e-02
6.203473945409428147e-02
3.762376237623762248e-02
2.877697841726618508e-02
7.954545454545455807e-02
1.029900332225913429e-01
5.714285714285714107e-02
6.203473945409428147e-02
3.153988868274582719e-02
6.463878326996198853e-02
1.029900332225913429e-01
4.845814977973567778e-02
2.372881355932203798e-02
1.295938104448742800e-01
7.317073170731708265e-02
7.954545454545455807e-02
4.098360655737704611e-02
4.845814977973567778e-02
3.602726387536514530e-02
3.762376237623762248e-02
6.203473945409428147e-02
2.219020172910662614e-01
3.762376237623762248e-02
9.035222052067380660e-02
1.502145922746780937e-01
5.263157894736841813e-02
3.448275862068966163e-02
1.359999999999999543e-01
1.295938104448742800e-01
4.098360655737704611e-02
1.076923076923076983e-01
6.203473945409428147e-02
7.954545454545455807e-02
4.432989690721650389e-01
2.372881355932203798e-02
7.019867549668873385e-02
5.484247374562428029e-02
4.458598726114650079e-02
6.203473945409428147e-02
3.602726387536514530e-02
1.968503937007873017e-01
7.019867549668873385e-02
1.235955056179775108e-01
5.484247374562428029e-02
1.295938104448742800e-01
7.628294036061025740e-02
7.317073170731708265e-02
1.359999999999999543e-01
7.954545454545455807e-02
7.954545454545455807e-02
5.714285714285714107e-02
1.126760563380281299e-01
2.030869212022745618e-02
4.275286757038580798e-02
7.954545454545455807e-02
7.019867549668873385e-02
4.648648648648649045e-02
2.877697841726618508e-02
1.359999999999999543e-01
1.295938104448742800e-01
7.019867549668873385e-02
1.859296482412060303e-01
4.648648648648649045e-02
1.235955056179775108e-01
7.954545454545455807e-02
1.076923076923076983e-01
7.628294036061025740e-02
3.927492447129909969e-02
1.428571428571428492e-01
5.714285714285714107e-02
6.463878326996198853e-02
7.954545454545455807e-02
2.255639097744361124e-02
9.433962264150942689e-02
3.153988868274582719e-02
3.013698630136986065e-02
7.317073170731708265e-02
3.927492447129909969e-02
2.255639097744361124e-02
4.648648648648649045e-02
3.298774740810556105e-02
1.502145922746780937e-01
3.153988868274582719e-02
9.433962264150942689e-02
4.275286757038580798e-02
1.428571428571428492e-01
2.493551160791058000e-02
5.953827460510328906e-02
3.448275862068966163e-02
1.716068642745709888e-02
7.317073170731708265e-02
2.141680395387149730e-02
2.363636363636363591e-01
5.484247374562428029e-02
3.298774740810556105e-02
1.425356339084771391e-02
4.098360655737704611e-02
1.029900332225913429e-01
5.714285714285714107e-02
1.179673321234120109e-01
7.019867549668873385e-02
2.141680395387149730e-02
5.953827460510328906e-02
1.029900332225913429e-01
4.845814977973567778e-02
4.845814977973567778e-02
1.666666666666666852e-01
1.295938104448742800e-01
1.295938104448742800e-01
1.235955056179775108e-01
7.317073170731708265e-02
6.463878326996198853e-02
5.714285714285714107e-02
4.098360655737704611e-02
1.616628175519630242e-02
2.255639097744361124e-02
2.141680395387149730e-02
7.628294036061025740e-02
5.953827460510328906e-02
6.203473945409428147e-02
3.013698630136986065e-02
8.296943231441046562e-02
4.845814977973567778e-02
1.519756838905775113e-02
5.484247374562428029e-02
1.235955056179775108e-01
7.954545454545455807e-02
7.954545454545455807e-02
6.203473945409428147e-02
1.666666666666666852e-01
1.029900332225913429e-01
4.028436018957345377e-01
2.030869212022745618e-02
1.029900332225913429e-01
6.735751295336786515e-02
3.602726387536514530e-02
4.648648648648649045e-02
4.098360655737704611e-02
7.317073170731708265e-02
2.255639097744361124e-02
5.714285714285714107e-02
9.433962264150942689e-02
3.298774740810556105e-02
1.428571428571428492e-01
5.714285714285714107e-02
2.363636363636363591e-01
3.762376237623762248e-02
3.927492447129909969e-02
8.656716417910448325e-02
4.845814977973567778e-02
1.126760563380281299e-01
9.035222052067380660e-02
3.762376237623762248e-02
8.296943231441046562e-02
2.523961661341853069e-01
5.714285714285714107e-02
6.735751295336786515e-02
2.087912087912087433e-01
2.745792736935340900e-02
5.050505050505050414e-02
1.859296482412060303e-01
8.656716417910448325e-02
3.448275862068966163e-02
5.953827460510328906e-02
4.648648648648649045e-02
4.648648648648649045e-02
2.523961661341853069e-01
4.845814977973567778e-02
1.519756838905775113e-02
2.617801047120418834e-02
3.129770992366409654e-01
2.617801047120418834e-02
3.298774740810556105e-02
5.484247374562428029e-02
1.179673321234120109e-01
3.298774740810556105e-02
2.745792736935340900e-02
5.263157894736841813e-02
5.953827460510328906e-02
1.666666666666666852e-01
3.013698630136986065e-02
3.762376237623762248e-02
5.714285714285714107e-02
1.359999999999999543e-01
2.030869212022745618e-02
3.602726387536514530e-02
3.013698630136986065e-02
6.735751295336786515e-02
2.617801047120418834e-02
6.463878326996198853e-02
7.954545454545455807e-02
4.845814977973567778e-02
4.458598726114650079e-02
1.179673321234120109e-01
7.628294036061025740e-02
2.493551160791058000e-02
4.648648648648649045e-02
4.098360655737704611e-02
1.235955056179775108e-01
7.954545454545455807e-02
4.845814977973567778e-02
3.013698630136986065e-02
1.076923076923076983e-01
7.317073170731708265e-02
7.954545454545455807e-02
2.903225806451612545e-01
2.523961661341853069e-01
1.359999999999999543e-01
2.877697841726618508e-02
2.745792736935340900e-02
1.581291759465478786e-01
9.035222052067380660e-02
5.050505050505050414e-02
9.433962264150942689e-02
7.019867549668873385e-02
1.076923076923076983e-01
7.954545454545455807e-02
1.519756838905775113e-02
1.076923076923076983e-01
7.019867549668873385e-02
2.255639097744361124e-02
4.648648648648649045e-02
7.954545454545455807e-02
2.877697841726618508e-02
6.735751295336786515e-02
6.203473945409428147e-02
4.458598726114650079e-02
5.499999999999997113e-01
9.854604200323098528e-02
1.076923076923076983e-01
1.502145922746780937e-01
9.433962264150942689e-02
2.372881355932203798e-02
3.927492447129909969e-02
3.927492447129909969e-02
8.296943231441046562e-02
3.927492447129909969e-02
9.854604200323098528e-02
3.298774740810556105e-02
6.203473945409428147e-02
1.295938104448742800e-01
1.519756838905775113e-02
4.275286757038580798e-02
4.845814977973567778e-02
1.923076923076922837e-02
3.448275862068966163e-02
4.098360655737704611e-02
3.602726387536514530e-02
5.050505050505050414e-02
1.126760563380281299e-01
6.463878326996198853e-02
9.433962264150942689e-02
4.458598726114650079e-02
6.463878326996198853e-02
5.714285714285714107e-02
4.098360655737704611e-02
7.317073170731708265e-02
2.087912087912087433e-01
1.295938104448742800e-01
8.296943231441046562e-02
3.153988868274582719e-02
3.448275862068966163e-02
5.953827460510328906e-02
2.877697841726618508e-02
9.035222052067380660e-02
1.859296482412060303e-01
1.295938104448742800e-01
7.954545454545455807e-02
3.762376237623762248e-02
1.428571428571428492e-01
1.859296482412060303e-01
5.953827460510328906e-02
5.953827460510328906e-02
8.656716417910448325e-02
1.295938104448742800e-01
4.845814977973567778e-02
6.463878326996198853e-02
5.484247374562428029e-02
1.029900332225913429e-01
1.502145922746780937e-01
1.179673321234120109e-01
1.502145922746780937e-01
7.317073170731708265e-02
2.745792736935340900e-02
5.499999999999997113e-01
2.877697841726618508e-02
1.923076923076922837e-02
7.628294036061025740e-02
3.448275862068966163e-02
6.203473945409428147e-02
3.298774740810556105e-02
1.968503937007873017e-01
3.927492447129909969e-02
3.013698630136986065e-02
6.203473945409428147e-02
3.927492447129909969e-02
2.087912087912087433e-01
9.035222052067380660e-02
1.295938104448742800e-01
5.714285714285714107e-02
5.953827460510328906e-02
1.295938104448742800e-01
3.013698630136986065e-02
1.502145922746780937e-01
7.019867549668873385e-02
1.126760563380281299e-01
1.235955056179775108e-01
5.953827460510328906e-02
3.602726387536514530e-02
1.428571428571428492e-01
5.953827460510328906e-02
1.179673321234120109e-01
2.372881355932203798e-02
3.298774740810556105e-02
4.648648648648649045e-02
3.602726387536514530e-02
1.029900332225913429e-01
5.263157894736841813e-02
2.745792736935340900e-02
3.762376237623762248e-02
3.602726387536514530e-02
5.714285714285714107e-02
2.219020172910662614e-01
1.156069364161849654e-02
1.235955056179775108e-01
3.298774740810556105e-02
7.954545454545455807e-02
1.333333333333333419e-02
4.845814977973567778e-02
2.141680395387149730e-02
7.019867549668873385e-02
9.433962264150942689e-02
3.602726387536514530e-02
5.050505050505050414e-02
3.153988868274582719e-02
6.463878326996198853e-02
2.219020172910662614e-01
5.263157894736841813e-02
1.859296482412060303e-01
3.762376237623762248e-02
4.098360655737704611e-02
1.076923076923076983e-01
5.953827460510328906e-02
8.296943231441046562e-02
3.013698630136986065e-02
1.235955056179775108e-01
8.656716417910448325e-02
6.463878326996198853e-02
9.854604200323098528e-02
1.502145922746780937e-01
6.203473945409428147e-02
6.463878326996198853e-02
5.953827460510328906e-02
9.854604200323098528e-02
1.859296482412060303e-01
3.013698630136986065e-02
5.050505050505050414e-02
2.523961661341853069e-01
6.463878326996198853e-02
1.359999999999999543e-01
2.745792736935340900e-02
5.714285714285714107e-02
9.854604200323098528e-02
1.818181818181818440e-02
7.628294036061025740e-02
1.359999999999999543e-01
5.484247374562428029e-02
9.035222052067380660e-02
7.954545454545455807e-02
7.019867549668873385e-02
8.348623853210997980e-01
5.050505050505050414e-02
7.954545454545455807e-02
6.463878326996198853e-02
1.295938104448742800e-01
3.013698630136986065e-02
9.433962264150942689e-02
1.968503937007873017e-01
5.050505050505050414e-02
3.153988868274582719e-02
6.203473945409428147e-02
3.602726387536514530e-02
7.317073170731708265e-02
9.433962264150942689e-02
8.656716417910448325e-02
6.203473945409428147e-02
9.854604200323098528e-02
4.275286757038580798e-02
3.448275862068966163e-02
4.028436018957345377e-01
8.656716417910448325e-02
5.484247374562428029e-02
5.484247374562428029e-02
5.050505050505050414e-02
3.602726387536514530e-02
1.425356339084771391e-02
2.087912087912087433e-01
6.463878326996198853e-02
5.050505050505050414e-02
3.602726387536514530e-02
3.927492447129909969e-02
5.050505050505050414e-02
6.735751295336786515e-02
4.648648648648649045e-02
5.263157894736841813e-02
3.762376237623762248e-02
3.448275862068966163e-02
6.203473945409428147e-02
4.648648648648649045e-02
8.656716417910448325e-02
5.953827460510328906e-02
1.076923076923076983e-01
7.317073170731708265e-02
2.363636363636363591e-01
1.179673321234120109e-01
7.317073170731708265e-02
1.666666666666666852e-01
9.035222052067380660e-02
8.296943231441046562e-02
1.759036144578312866e-01
1.666666666666666852e-01
5.050505050505050414e-02
3.448275862068966163e-02
4.098360655737704611e-02
2.141680395387149730e-02
1.029900332225913429e-01
3.153988868274582719e-02
2.255639097744361124e-02
8.296943231441046562e-02
7.317073170731708265e-02
8.296943231441046562e-02
4.458598726114650079e-02
5.714285714285714107e-02
1.428571428571428492e-01
3.153988868274582719e-02
4.648648648648649045e-02
1.179673321234120109e-01
4.458598726114650079e-02
9.035222052067380660e-02
3.684210526315787604e-01
2.141680395387149730e-02
5.714285714285714107e-02
4.098360655737704611e-02
6.463878326996198853e-02
5.714285714285714107e-02
4.275286757038580798e-02
9.854604200323098528e-02
7.317073170731708265e-02
3.013698630136986065e-02
2.493551160791058000e-02
1.076923076923076983e-01
2.745792736935340900e-02
5.263157894736841813e-02
3.762376237623762248e-02
1.502145922746780937e-01
1.581291759465478786e-01
4.275286757038580798e-02
5.484247374562428029e-02
1.716068642745709888e-02
7.317073170731708265e-02
1.359999999999999543e-01
5.499999999999997113e-01
4.458598726114650079e-02
2.030869212022745618e-02
5.484247374562428029e-02
9.854604200323098528e-02
3.762376237623762248e-02
5.484247374562428029e-02
3.602726387536514530e-02
4.028436018957345377e-01
1.968503937007873017e-01
3.448275862068966163e-02
6.735751295336786515e-02
5.714285714285714107e-02
3.448275862068966163e-02
3.013698630136986065e-02
7.019867549668873385e-02
4.098360655737704611e-02
1.716068642745709888e-02
5.484247374562428029e-02
1.759036144578312866e-01
1.859296482412060303e-01
2.030869212022745618e-02
4.915254237288131933e-01
1.295938104448742800e-01
5.714285714285714107e-02
8.296943231441046562e-02
2.141680395387149730e-02
4.275286757038580798e-02
4.845814977973567778e-02
5.484247374562428029e-02
5.714285714285714107e-02
1.716068642745709888e-02
8.656716417910448325e-02
2.745792736935340900e-02
7.628294036061025740e-02
2.141680395387149730e-02
2.219020172910662614e-01
5.714285714285714107e-02
3.013698630136986065e-02
3.298774740810556105e-02
7.019867549668873385e-02
6.735751295336786515e-02
7.317073170731708265e-02
4.648648648648649045e-02
3.448275862068966163e-02
4.275286757038580798e-02
4.648648648648649045e-02
4.845814977973567778e-02
4.098360655737704611e-02
3.013698630136986065e-02
4.458598726114650079e-02
8.656716417910448325e-02
3.927492447129909969e-02
1.818181818181818440e-02
5.263157894736841813e-02
4.845814977973567778e-02
3.602726387536514530e-02
6.463878326996198853e-02
1.076923076923076983e-01
4.648648648648649045e-02
3.298774740810556105e-02
1.859296482412060303e-01
3.684210526315787604e-01
3.762376237623762248e-02
5.499999999999997113e-01
5.714285714285714107e-02
7.628294036061025740e-02
4.098360655737704611e-02
6.203473945409428147e-02
7.019867549668873385e-02
1.923076923076922837e-02
4.458598726114650079e-02
4.275286757038580798e-02
7.628294036061025740e-02
4.458598726114650079e-02
4.458598726114650079e-02
1.235955056179775108e-01
7.019867549668873385e-02
1.502145922746780937e-01
9.433962264150942689e-02
2.617801047120418834e-02
1.428571428571428492e-01
2.617801047120418834e-02
4.915254237288131933e-01
5.714285714285714107e-02
9.035222052067380660e-02
1.759036144578312866e-01
3.762376237623762248e-02
4.275286757038580798e-02
1.029900332225913429e-01
5.263157894736841813e-02
6.735751295336786515e-02
2.903225806451612545e-01
7.628294036061025740e-02
4.458598726114650079e-02
6.735751295336786515e-02
6.463878326996198853e-02
6.203473945409428147e-02
1.359999999999999543e-01
3.013698630136986065e-02
6.203473945409428147e-02
5.484247374562428029e-02
8.296943231441046562e-02
3.013698630136986065e-02
4.648648648648649045e-02
4.648648648648649045e-02
2.903225806451612545e-01
4.845814977973567778e-02
5.050505050505050414e-02
6.735751295336786515e-02
3.013698630136986065e-02
2.745792736935340900e-02
5.953827460510328906e-02
4.648648648648649045e-02
6.203473945409428147e-02
3.762376237623762248e-02
5.484247374562428029e-02
9.433962264150942689e-02
1.076923076923076983e-01
2.745792736935340900e-02
5.484247374562428029e-02
1.359999999999999543e-01
6.203473945409428147e-02
2.255639097744361124e-02
1.968503937007873017e-01
1.179673321234120109e-01
9.433962264150942689e-02
4.845814977973567778e-02
1.759036144578312866e-01
1.295938104448742800e-01
3.013698630136986065e-02
1.126760563380281299e-01
4.458598726114650079e-02
5.714285714285714107e-02
1.716068642745709888e-02
3.927492447129909969e-02
2.255639097744361124e-02
5.714285714285714107e-02
3.153988868274582719e-02
4.275286757038580798e-02
3.927492447129909969e-02
4.098360655737704611e-02
6.735751295336786515e-02
1.818181818181818440e-02
5.263157894736841813e-02
7.019867549668873385e-02
6.735751295336786515e-02
8.656716417910448325e-02
3.298774740810556105e-02
5.484247374562428029e-02
3.013698630136986065e-02
4.098360655737704611e-02
7.628294036061025740e-02
5.953827460510328906e-02
3.013698630136986065e-02
2.493551160791058000e-02
7.317073170731708265e-02
1.179673321234120109e-01
9.854604200323098528e-02
2.493551160791058000e-02
2.702702702702701187e-01
1.295938104448742800e-01
1.859296482412060303e-01
2.745792736935340900e-02
3.927492447129909969e-02
1.759036144578312866e-01
5.263157894736841813e-02
3.448275862068966163e-02
4.098360655737704611e-02
3.762376237623762248e-02
9.433962264150942689e-02
6.463878326996198853e-02
7.019867549668873385e-02
3.602726387536514530e-02
1.818181818181818440e-02
4.458598726114650079e-02
1.581291759465478786e-01
5.263157894736841813e-02
4.648648648648649045e-02
3.602726387536514530e-02
9.433962264150942689e-02
3.153988868274582719e-02
5.263157894736841813e-02
5.714285714285714107e-02
9.854604200323098528e-02
7.954545454545455807e-02
1.616628175519630242e-02
2.141680395387149730e-02
3.298774740810556105e-02
3.298774740810556105e-02
1.076923076923076983e-01
1.666666666666666852e-01
3.153988868274582719e-02
3.153988868274582719e-02
9.854604200323098528e-02
9.035222052067380660e-02
6.735751295336786515e-02
2.372881355932203798e-02
9.854604200323098528e-02
5.050505050505050414e-02
7.019867549668873385e-02
6.735751295336786515e-02
2.903225806451612545e-01
3.927492447129909969e-02
5.953827460510328906e-02
5.263157894736841813e-02
1.425356339084771391e-02
3.153988868274582719e-02
3.298774740810556105e-02
1.923076923076922837e-02
9.854604200323098528e-02
1.076923076923076983e-01
9.035222052067380660e-02
9.433962264150942689e-02
1.428571428571428492e-01
1.581291759465478786e-01
5.263157894736841813e-02
1.235955056179775108e-01
5.050505050505050414e-02
5.484247374562428029e-02
4.648648648648649045e-02
7.954545454545455807e-02
4.098360655737704611e-02
4.275286757038580798e-02
9.854604200323098528e-02
3.927492447129909969e-02
3.298774740810556105e-02
5.714285714285714107e-02
1.076923076923076983e-01
8.656716417910448325e-02
5.050505050505050414e-02
1.759036144578312866e-01
3.448275862068966163e-02
1.179673321234120109e-01
4.098360655737704611e-02
9.854604200323098528e-02
2.372881355932203798e-02
5.953827460510328906e-02
1.179673321234120109e-01
2.141680395387149730e-02
3.684210526315787604e-01
1.295938104448742800e-01
1.029900332225913429e-01
1.716068642745709888e-02
7.317073170731708265e-02
5.263157894736841813e-02
7.019867549668873385e-02
2.702702702702701187e-01
6.203473945409428147e-02
3.448275862068966163e-02
4.275286757038580798e-02
2.493551160791058000e-02
1.359999999999999543e-01
7.628294036061025740e-02
2.141680395387149730e-02
7.142857142857144126e-01
2.372881355932203798e-02
2.745792736935340900e-02
4.845814977973567778e-02
4.458598726114650079e-02
2.030869212022745618e-02
1.968503937007873017e-01
6.203473945409428147e-02
1.179673321234120109e-01
1.126760563380281299e-01
4.098360655737704611e-02
5.953827460510328906e-02
3.927492447129909969e-02
3.448275862068966163e-02
2.363636363636363591e-01
7.317073170731708265e-02
4.432989690721650389e-01
2.523961661341853069e-01
5.714285714285714107e-02
2.372881355932203798e-02
9.433962264150942689e-02
1.295938104448742800e-01
1.029900332225913429e-01
4.458598726114650079e-02
1.126760563380281299e-01
8.296943231441046562e-02
8.296943231441046562e-02
5.263157894736841813e-02
9.035222052067380660e-02
1.235955056179775108e-01
2.372881355932203798e-02
4.648648648648649045e-02
3.013698630136986065e-02
7.954545454545455807e-02
5.263157894736841813e-02
4.845814977973567778e-02
3.448275862068966163e-02
3.448275862068966163e-02
1.359999999999999543e-01
4.845814977973567778e-02
3.762376237623762248e-02
5.953827460510328906e-02
2.617801047120418834e-02
5.484247374562428029e-02
2.877697841726618508e-02
3.153988868274582719e-02
5.953827460510328906e-02
5.484247374562428029e-02
1.923076923076922837e-02
1.235955056179775108e-01
1.716068642745709888e-02
8.656716417910448325e-02
3.927492447129909969e-02
1.029900332225913429e-01
7.954545454545455807e-02
1.179673321234120109e-01
4.845814977973567778e-02
1.859296482412060303e-01
4.845814977973567778e-02
3.448275862068966163e-02
3.602726387536514530e-02
1.179673321234120109e-01
6.203473945409428147e-02
3.602726387536514530e-02
1.235955056179775108e-01
5.953827460510328906e-02
7.019867549668873385e-02
5.484247374562428029e-02
4.845814977973567778e-02
1.179673321234120109e-01
3.927492447129909969e-02
3.153988868274582719e-02
4.028436018957345377e-01
7.954545454545455807e-02
9.433962264150942689e-02
5.263157894736841813e-02
9.035222052067380660e-02
6.203473945409428147e-02
8.656716417910448325e-02
4.275286757038580798e-02
3.927492447129909969e-02
1.968503937007873017e-01
3.927492447129909969e-02
7.317073170731708265e-02
2.087912087912087433e-01
7.954545454545455807e-02
4.458598726114650079e-02
5.484247374562428029e-02
1.359999999999999543e-01
3.448275862068966163e-02
3.448275862068966163e-02
5.484247374562428029e-02
5.714285714285714107e-02
1.759036144578312866e-01
1.179673321234120109e-01
3.762376237623762248e-02
2.493551160791058000e-02
4.098360655737704611e-02
8.656716417910448325e-02
4.098360655737704611e-02
1.359999999999999543e-01
1.029900332225913429e-01
5.953827460510328906e-02
1.716068642745709888e-02
4.098360655737704611e-02
1.968503937007873017e-01
5.484247374562428029e-02
4.098360655737704611e-02
1.359999999999999543e-01
8.296943231441046562e-02
1.179673321234120109e-01
4.648648648648649045e-02
5.714285714285714107e-02
1.076923076923076983e-01
1.076923076923076983e-01
6.735751295336786515e-02
5.050505050505050414e-02
2.255639097744361124e-02
4.915254237288131933e-01
9.433962264150942689e-02
4.098360655737704611e-02
3.762376237623762248e-02
1.502145922746780937e-01
7.019867549668873385e-02
4.275286757038580798e-02
1.759036144578312866e-01
1.126760563380281299e-01
1.759036144578312866e-01
2.363636363636363591e-01
6.463878326996198853e-02
6.463878326996198853e-02
7.142857142857144126e-01
1.126760563380281299e-01
5.050505050505050414e-02
3.298774740810556105e-02
1.359999999999999543e-01
3.762376237623762248e-02
3.298774740810556105e-02
6.463878326996198853e-02
1.428571428571428492e-01
4.845814977973567778e-02
4.845814977973567778e-02
2.087912087912087433e-01
1.295938104448742800e-01
4.648648648648649045e-02
6.463878326996198853e-02
5.263157894736841813e-02
5.953827460510328906e-02
1.519756838905775113e-02
4.275286757038580798e-02
5.953827460510328906e-02
2.030869212022745618e-02
2.877697841726618508e-02
6.223776223776221750e-01
9.854604200323098528e-02
2.030869212022745618e-02
9.035222052067380660e-02
6.735751295336786515e-02
1.235955056179775108e-01
4.275286757038580798e-02
4.098360655737704611e-02
1.076923076923076983e-01
7.019867549668873385e-02
1.359999999999999543e-01
1.581291759465478786e-01
1.428571428571428492e-01
4.458598726114650079e-02
4.845814977973567778e-02
1.126760563380281299e-01
9.433962264150942689e-02
9.035222052067380660e-02
5.714285714285714107e-02
4.098360655737704611e-02
3.298774740810556105e-02
2.255639097744361124e-02
3.153988868274582719e-02
6.735751295336786515e-02
5.714285714285714107e-02
7.019867549668873385e-02
4.648648648648649045e-02
5.953827460510328906e-02
8.656716417910448325e-02
1.029900332225913429e-01
6.203473945409428147e-02
1.759036144578312866e-01
1.295938104448742800e-01
3.927492447129909969e-02
2.087912087912087433e-01
2.745792736935340900e-02
7.954545454545455807e-02
7.628294036061025740e-02
3.448275862068966163e-02
4.845814977973567778e-02
3.602726387536514530e-02
7.628294036061025740e-02
1.126760563380281299e-01
9.854604200323098528e-02
1.029900332225913429e-01
7.954545454545455807e-02
1.616628175519630242e-02
3.013698630136986065e-02
1.666666666666666852e-01
5.714285714285714107e-02
1.126760563380281299e-01
7.628294036061025740e-02
1.029900332225913429e-01
3.013698630136986065e-02
6.203473945409428147e-02
9.854604200323098528e-02
1.818181818181818440e-02
5.953827460510328906e-02
1.759036144578312866e-01
4.098360655737704611e-02
7.628294036061025740e-02
4.098360655737704611e-02
3.013698630136986065e-02
8.656716417910448325e-02
6.203473945409428147e-02
8.656716417910448325e-02
1.076923076923076983e-01
1.818181818181818440e-02
4.648648648648649045e-02
8.656716417910448325e-02
3.684210526315787604e-01
1.179673321234120109e-01
1.126760563380281299e-01
1.029900332225913429e-01
1.859296482412060303e-01
4.648648648648649045e-02
1.581291759465478786e-01
1.295938104448742800e-01
1.859296482412060303e-01
3.013698630136986065e-02
7.954545454545455807e-02
3.602726387536514530e-02
2.087912087912087433e-01
5.714285714285714107e-02
8.656716417910448325e-02
1.581291759465478786e-01
4.458598726114650079e-02
5.263157894736841813e-02
7.317073170731708265e-02
5.484247374562428029e-02
9.854604200323098528e-02
1.359999999999999543e-01
6.203473945409428147e-02
3.153988868274582719e-02
3.298774740810556105e-02
2.219020172910662614e-01
3.927492447129909969e-02
5.263157894736841813e-02
1.923076923076922837e-02
1.359999999999999543e-01
6.463878326996198853e-02
2.617801047120418834e-02
3.448275862068966163e-02
4.458598726114650079e-02
8.656716417910448325e-02
9.035222052067380660e-02
4.028436018957345377e-01
7.954545454545455807e-02
1.235955056179775108e-01
9.035222052067380660e-02
1.968503937007873017e-01
1.716068642745709888e-02
6.463878326996198853e-02
5.714285714285714107e-02
4.915254237288131933e-01
3.298774740810556105e-02
2.141680395387149730e-02
8.296943231441046562e-02
7.019867549668873385e-02
1.179673321234120109e-01
1.616628175519630242e-02
6.203473945409428147e-02
4.098360655737704611e-02
1.029900332225913429e-01
2.493551160791058000e-02
1.818181818181818440e-02
6.463878326996198853e-02
3.298774740810556105e-02
4.845814977973567778e-02
7.019867549668873385e-02
3.298774740810556105e-02
5.263157894736841813e-02
6.463878326996198853e-02
4.458598726114650079e-02
5.953827460510328906e-02
1.295938104448742800e-01
1.859296482412060303e-01
6.463878326996198853e-02
1.235955056179775108e-01
6.203473945409428147e-02
5.484247374562428029e-02
5.484247374562428029e-02
4.275286757038580798e-02
6.203473945409428147e-02
3.762376237623762248e-02
4.098360655737704611e-02
1.616628175519630242e-02
7.954545454545455807e-02
1.126760563380281299e-01
1.359999999999999543e-01
7.954545454545455807e-02
6.735751295336786515e-02
1.716068642745709888e-02
1.235955056179775108e-01
7.628294036061025740e-02
2.087912087912087433e-01
5.263157894736841813e-02
1.859296482412060303e-01
5.714285714285714107e-02
3.762376237623762248e-02
1.859296482412060303e-01
5.953827460510328906e-02
9.854604200323098528e-02
5.050505050505050414e-02
1.235955056179775108e-01
5.050505050505050414e-02
4.845814977973567778e-02
3.298774740810556105e-02
5.714285714285714107e-02
1.759036144578312866e-01
7.954545454545455807e-02
1.519756838905775113e-02
1.359999999999999543e-01
1.126760563380281299e-01
3.153988868274582719e-02
8.296943231441046562e-02
4.648648648648649045e-02
2.493551160791058000e-02
4.275286757038580798e-02
5.263157894736841813e-02
5.953827460510328906e-02
5.263157894736841813e-02
6.463878326996198853e-02
3.298774740810556105e-02
1.235955056179775108e-01
1.029900332225913429e-01
5.714285714285714107e-02
9.035222052067380660e-02
6.463878326996198853e-02
1.126760563380281299e-01
1.519756838905775113e-02
3.387755102040816979e-01
3.927492447129909969e-02
5.263157894736841813e-02
3.927492447129909969e-02
5.263157894736841813e-02
9.433962264150942689e-02
9.433962264150942689e-02
2.255639097744361124e-02
1.616628175519630242e-02
5.953827460510328906e-02
1.029900332225913429e-01
6.203473945409428147e-02
2.141680395387149730e-02
7.628294036061025740e-02
9.854604200323098528e-02
9.035222052067380660e-02
4.275286757038580798e-02
5.484247374562428029e-02
7.317073170731708265e-02
9.035222052067380660e-02
3.762376237623762248e-02
7.954545454545455807e-02
4.275286757038580798e-02
9.854604200323098528e-02
1.425356339084771391e-02
8.656716417910448325e-02
1.126760563380281299e-01
1.029900332225913429e-01
9.433962264150942689e-02
2.141680395387149730e-02
6.463878326996198853e-02
1.235955056179775108e-01
5.050505050505050414e-02
4.458598726114650079e-02
3.153988868274582719e-02
5.484247374562428029e-02
6.463878326996198853e-02
1.818181818181818440e-02
4.458598726114650079e-02
2.877697841726618508e-02
3.762376237623762248e-02
1.923076923076922837e-02
7.019867549668873385e-02
1.502145922746780937e-01
3.448275862068966163e-02
5.050505050505050414e-02
1.295938104448742800e-01
9.035222052067380660e-02
5.953827460510328906e-02
5.050505050505050414e-02
1.126760563380281299e-01
6.463878326996198853e-02
5.050505050505050414e-02
3.762376237623762248e-02
7.628294036061025740e-02
5.714285714285714107e-02
4.275286757038580798e-02
2.255639097744361124e-02
7.628294036061025740e-02
5.484247374562428029e-02
6.735751295336786515e-02
4.845814977973567778e-02
3.129770992366409654e-01
1.076923076923076983e-01
1.029900332225913429e-01
1.295938104448742800e-01
8.296943231441046562e-02
3.013698630136986065e-02
1.029900332225913429e-01
4.458598726114650079e-02
4.845814977973567778e-02
2.372881355932203798e-02
6.203473945409428147e-02
2.030869212022745618e-02
7.628294036061025740e-02
7.142857142857144126e-01
5.263157894736841813e-02
3.927492447129909969e-02
4.915254237288131933e-01
1.666666666666666852e-01
9.035222052067380660e-02
7.628294036061025740e-02
9.035222052067380660e-02
3.684210526315787604e-01
3.387755102040816979e-01
1.666666666666666852e-01
8.656716417910448325e-02
8.296943231441046562e-02
1.581291759465478786e-01
6.463878326996198853e-02
2.877697841726618508e-02
5.050505050505050414e-02
1.666666666666666852e-01
9.433962264150942689e-02
9.433962264150942689e-02
9.433962264150942689e-02
3.762376237623762248e-02
7.019867549668873385e-02
6.463878326996198853e-02
7.628294036061025740e-02
8.296943231441046562e-02
2.030869212022745618e-02
6.735751295336786515e-02
1.126760563380281299e-01
3.927492447129909969e-02
1.759036144578312866e-01
2.617801047120418834e-02
1.818181818181818440e-02
1.235955056179775108e-01
7.317073170731708265e-02
3.602726387536514530e-02
8.656716417910448325e-02
6.463878326996198853e-02
3.013698630136986065e-02
3.602726387536514530e-02
1.818181818181818440e-02
2.745792736935340900e-02
1.759036144578312866e-01
4.275286757038580798e-02
3.762376237623762248e-02
4.845814977973567778e-02
7.019867549668873385e-02
2.087912087912087433e-01
5.050505050505050414e-02
5.050505050505050414e-02
6.735751295336786515e-02
9.433962264150942689e-02
1.076923076923076983e-01
2.617801047120418834e-02
1.076923076923076983e-01
6.463878326996198853e-02
8.656716417910448325e-02
2.617801047120418834e-02
3.013698630136986065e-02
3.762376237623762248e-02
5.484247374562428029e-02
4.648648648648649045e-02
1.070663811563169095e-02
1.179673321234120109e-01
6.203473945409428147e-02
3.298774740810556105e-02
7.019867549668873385e-02
4.458598726114650079e-02
4.648648648648649045e-02
9.854604200323098528e-02
1.126760563380281299e-01
4.845814977973567778e-02
3.684210526315787604e-01
1.818181818181818440e-02
9.035222052067380660e-02
3.298774740810556105e-02
7.317073170731708265e-02
8.656716417910448325e-02
1.428571428571428492e-01
1.029900332225913429e-01
1.923076923076922837e-02
1.029900332225913429e-01
6.463878326996198853e-02
1.179673321234120109e-01
6.203473945409428147e-02
1.716068642745709888e-02
6.203473945409428147e-02
6.463878326996198853e-02
1.235955056179775108e-01
4.098360655737704611e-02
3.013698630136986065e-02
6.463878326996198853e-02
2.877697841726618508e-02
3.153988868274582719e-02
7.019867549668873385e-02
6.463878326996198853e-02
3.448275862068966163e-02
5.714285714285714107e-02
9.433962264150942689e-02
9.433962264150942689e-02
5.050505050505050414e-02
8.656716417910448325e-02
2.255639097744361124e-02
2.372881355932203798e-02
5.484247374562428029e-02
1.759036144578312866e-01
6.203473945409428147e-02
3.762376237623762248e-02
6.463878326996198853e-02
1.923076923076922837e-02
1.179673321234120109e-01
2.030869212022745618e-02
4.845814977973567778e-02
3.927492447129909969e-02
4.275286757038580798e-02
9.433962264150942689e-02
1.029900332225913429e-01
3.602726387536514530e-02
7.954545454545455807e-02
1.759036144578312866e-01
2.745792736935340900e-02
7.317073170731708265e-02
3.927492447129909969e-02
4.648648648648649045e-02
3.298774740810556105e-02
5.484247374562428029e-02
9.433962264150942689e-02
6.203473945409428147e-02
1.859296482412060303e-01
8.296943231441046562e-02
2.372881355932203798e-02
4.845814977973567778e-02
1.029900332225913429e-01
3.448275862068966163e-02
4.098360655737704611e-02
3.298774740810556105e-02
8.656716417910448325e-02
2.372881355932203798e-02
7.317073170731708265e-02
3.298774740810556105e-02
1.126760563380281299e-01
5.050505050505050414e-02
3.602726387536514530e-02
1.716068642745709888e-02
1.818181818181818440e-02
1.126760563380281299e-01
1.502145922746780937e-01
6.203473945409428147e-02
5.484247374562428029e-02
2.877697841726618508e-02
6.463878326996198853e-02
4.845814977973567778e-02
8.656716417910448325e-02
1.818181818181818440e-02
7.019867549668873385e-02
3.298774740810556105e-02
3.762376237623762248e-02
1.029900332225913429e-01
4.915254237288131933e-01
1.235955056179775108e-01
3.013698630136986065e-02
2.877697841726618508e-02
2.903225806451612545e-01
5.484247374562428029e-02
4.845814977973567778e-02
8.656716417910448325e-02
5.953827460510328906e-02
6.203473945409428147e-02
2.363636363636363591e-01
1.859296482412060303e-01
3.448275862068966163e-02
1.502145922746780937e-01
3.762376237623762248e-02
5.050505050505050414e-02
1.295938104448742800e-01
5.714285714285714107e-02
6.735751295336786515e-02
1.428571428571428492e-01
3.927492447129909969e-02
1.235955056179775108e-01
4.098360655737704611e-02
5.953827460510328906e-02
9.035222052067380660e-02
2.617801047120418834e-02
4.275286757038580798e-02
5.953827460510328906e-02
1.029900332225913429e-01
1.359999999999999543e-01
1.923076923076922837e-02
5.953827460510328906e-02
1.076923076923076983e-01
5.050505050505050414e-02
1.235955056179775108e-01
3.762376237623762248e-02
1.076923076923076983e-01
4.915254237288131933e-01
5.714285714285714107e-02
9.854604200323098528e-02
5.263157894736841813e-02
7.628294036061025740e-02
1.859296482412060303e-01
8.296943231441046562e-02
4.098360655737704611e-02
3.762376237623762248e-02
1.616628175519630242e-02
1.179673321234120109e-01
5.714285714285714107e-02
3.602726387536514530e-02
1.666666666666666852e-01
3.153988868274582719e-02
5.263157894736841813e-02
4.432989690721650389e-01
1.235955056179775108e-01
4.458598726114650079e-02
3.013698630136986065e-02
9.035222052067380660e-02
3.298774740810556105e-02
3.602726387536514530e-02
5.714285714285714107e-02
4.458598726114650079e-02
6.203473945409428147e-02
1.029900332225913429e-01
5.714285714285714107e-02
7.019867549668873385e-02
4.845814977973567778e-02
5.484247374562428029e-02
3.684210526315787604e-01
4.275286757038580798e-02
5.050505050505050414e-02
8.656716417910448325e-02
1.759036144578312866e-01
7.954545454545455807e-02
2.141680395387149730e-02
5.953827460510328906e-02
4.098360655737704611e-02
6.463878326996198853e-02
3.013698630136986065e-02
8.656716417910448325e-02
9.035222052067380660e-02
9.035222052067380660e-02
3.602726387536514530e-02
7.628294036061025740e-02
7.019867549668873385e-02
2.493551160791058000e-02
9.433962264150942689e-02
1.359999999999999543e-01
1.502145922746780937e-01
3.298774740810556105e-02
4.458598726114650079e-02
4.098360655737704611e-02
4.098360655737704611e-02
8.656716417910448325e-02
3.602726387536514530e-02
2.702702702702701187e-01
7.019867549668873385e-02
4.648648648648649045e-02
1.502145922746780937e-01
8.296943231441046562e-02
1.581291759465478786e-01
3.448275862068966163e-02
1.126760563380281299e-01
3.153988868274582719e-02
1.359999999999999543e-01
1.295938104448742800e-01
8.296943231441046562e-02
4.275286757038580798e-02
1.029900332225913429e-01
1.126760563380281299e-01
1.519756838905775113e-02
5.484247374562428029e-02
1.502145922746780937e-01
2.493551160791058000e-02
1.502145922746780937e-01
2.745792736935340900e-02
4.845814977973567778e-02
1.295938104448742800e-01
3.762376237623762248e-02
2.903225806451612545e-01
7.628294036061025740e-02
7.954545454545455807e-02
3.153988868274582719e-02
1.126760563380281299e-01
2.493551160791058000e-02
6.203473945409428147e-02
1.029900332225913429e-01
4.648648648648649045e-02
1.076923076923076983e-01
3.762376237623762248e-02
5.714285714285714107e-02
5.714285714285714107e-02
7.954545454545455807e-02
9.035222052067380660e-02
8.296943231441046562e-02
3.298774740810556105e-02
1.502145922746780937e-01
4.648648648648649045e-02
1.359999999999999543e-01
2.255639097744361124e-02
3.927492447129909969e-02
3.602726387536514530e-02
5.953827460510328906e-02
5.484247374562428029e-02
3.927492447129909969e-02
1.235955056179775108e-01
4.458598726114650079e-02
6.735751295336786515e-02
2.617801047120418834e-02
1.295938104448742800e-01
7.628294036061025740e-02
2.745792736935340900e-02
1.179673321234120109e-01
7.019867549668873385e-02
1.179673321234120109e-01
6.203473945409428147e-02
1.616628175519630242e-02
5.953827460510328906e-02
1.859296482412060303e-01
1.179673321234120109e-01
1.235955056179775108e-01
1.126760563380281299e-01
1.235955056179775108e-01
6.203473945409428147e-02
8.296943231441046562e-02
3.448275862068966163e-02
3.927492447129909969e-02
2.255639097744361124e-02
1.428571428571428492e-01
3.762376237623762248e-02
9.854604200323098528e-02
7.954545454545455807e-02
6.203473945409428147e-02
3.927492447129909969e-02
1.923076923076922837e-02
1.076923076923076983e-01
5.714285714285714107e-02
6.203473945409428147e-02
4.432989690721650389e-01
4.915254237288131933e-01
1.295938104448742800e-01
7.628294036061025740e-02
1.333333333333333419e-02
1.359999999999999543e-01
5.263157894736841813e-02
3.129770992366409654e-01
1.859296482412060303e-01
1.029900332225913429e-01
8.656716417910448325e-02
2.219020172910662614e-01
5.484247374562428029e-02
1.502145922746780937e-01
2.030869212022745618e-02
4.845814977973567778e-02
5.499999999999997113e-01
1.295938104448742800e-01
4.275286757038580798e-02
1.029900332225913429e-01
4.458598726114650079e-02
4.458598726114650079e-02
7.628294036061025740e-02
8.296943231441046562e-02
4.458598726114650079e-02
1.295938104448742800e-01
4.098360655737704611e-02
4.098360655737704611e-02
7.628294036061025740e-02
2.372881355932203798e-02
4.458598726114650079e-02
4.915254237288131933e-01
3.153988868274582719e-02
1.581291759465478786e-01
1.666666666666666852e-01
4.845814977973567778e-02
1.428571428571428492e-01
1.076923076923076983e-01
2.745792736935340900e-02
7.954545454545455807e-02
3.013698630136986065e-02
4.275286757038580798e-02
2.523961661341853069e-01
1.359999999999999543e-01
3.448275862068966163e-02
4.458598726114650079e-02
4.648648648648649045e-02
3.298774740810556105e-02
1.616628175519630242e-02
2.030869212022745618e-02
1.581291759465478786e-01
2.493551160791058000e-02
5.953827460510328906e-02
5.953827460510328906e-02
2.493551160791058000e-02
3.298774740810556105e-02
8.656716417910448325e-02
1.666666666666666852e-01
7.628294036061025740e-02
1.818181818181818440e-02
3.298774740810556105e-02
6.203473945409428147e-02
9.433962264150942689e-02
1.428571428571428492e-01
1.425356339084771391e-02
5.714285714285714107e-02
1.029900332225913429e-01
8.296943231441046562e-02
2.617801047120418834e-02
3.602726387536514530e-02
9.854604200323098528e-02
7.628294036061025740e-02
8.656716417910448325e-02
2.255639097744361124e-02
5.263157894736841813e-02
2.493551160791058000e-02
7.954545454545455807e-02
9.854604200323098528e-02
2.745792736935340900e-02
1.076923076923076983e-01
1.295938104448742800e-01
2.255639097744361124e-02
1.156069364161849654e-02
2.255639097744361124e-02
3.762376237623762248e-02
1.968503937007873017e-01
2.030869212022745618e-02
5.050505050505050414e-02
1.666666666666666852e-01
1.179673321234120109e-01
1.666666666666666852e-01
1.616628175519630242e-02
1.295938104448742800e-01
3.448275862068966163e-02
1.716068642745709888e-02
2.745792736935340900e-02
3.927492447129909969e-02
1.076923076923076983e-01
2.877697841726618508e-02
2.363636363636363591e-01
5.953827460510328906e-02
6.463878326996198853e-02
1.029900332225913429e-01
2.255639097744361124e-02
2.255639097744361124e-02
2.877697841726618508e-02
7.954545454545455807e-02
1.359999999999999543e-01
6.463878326996198853e-02
5.953827460510328906e-02
1.859296482412060303e-01
9.854604200323098528e-02
3.013698630136986065e-02
4.648648648648649045e-02
1.359999999999999543e-01
4.458598726114650079e-02
4.275286757038580798e-02
3.448275862068966163e-02
5.050505050505050414e-02
2.903225806451612545e-01
1.716068642745709888e-02
8.656716417910448325e-02
5.263157894736841813e-02
2.372881355932203798e-02
5.050505050505050414e-02
3.602726387536514530e-02
4.098360655737704611e-02
1.616628175519630242e-02
3.927492447129909969e-02
1.029900332225913429e-01
3.602726387536514530e-02
1.126760563380281299e-01
9.854604200323098528e-02
2.372881355932203798e-02
5.050505050505050414e-02
5.484247374562428029e-02
4.098360655737704611e-02
5.953827460510328906e-02
3.684210526315787604e-01
3.153988868274582719e-02
6.463878326996198853e-02
6.463878326996198853e-02
5.714285714285714107e-02
7.954545454545455807e-02
1.295938104448742800e-01
4.098360655737704611e-02
8.656716417910448325e-02
1.295938104448742800e-01
7.954545454545455807e-02
1.502145922746780937e-01
1.968503937007873017e-01
1.295938104448742800e-01
5.263157894736841813e-02
1.126760563380281299e-01
1.235955056179775108e-01
7.317073170731708265e-02
6.735751295336786515e-02
2.523961661341853069e-01
1.235955056179775108e-01
1.126760563380281299e-01
3.153988868274582719e-02
1.179673321234120109e-01
1.581291759465478786e-01
8.656716417910448325e-02
3.927492447129909969e-02
5.484247374562428029e-02
3.762376237623762248e-02
2.617801047120418834e-02
9.433962264150942689e-02
3.298774740810556105e-02
3.298774740810556105e-02
6.735751295336786515e-02
1.076923076923076983e-01
1.070663811563169095e-02
3.298774740810556105e-02
1.666666666666666852e-01
6.735751295336786515e-02
3.298774740810556105e-02
6.735751295336786515e-02
1.502145922746780937e-01
2.372881355932203798e-02
2.219020172910662614e-01
3.927492447129909969e-02
1.076923076923076983e-01
7.954545454545455807e-02
3.602726387536514530e-02
1.581291759465478786e-01
3.602726387536514530e-02
5.050505050505050414e-02
6.203473945409428147e-02
5.953827460510328906e-02
9.035222052067380660e-02
3.298774740810556105e-02
1.333333333333333419e-02
2.493551160791058000e-02
4.098360655737704611e-02
1.923076923076922837e-02
3.013698630136986065e-02
8.656716417910448325e-02
6.735751295336786515e-02
4.845814977973567778e-02
1.428571428571428492e-01
5.953827460510328906e-02
5.714285714285714107e-02
5.714285714285714107e-02
9.854604200323098528e-02
1.428571428571428492e-01
5.050505050505050414e-02
7.954545454545455807e-02
6.203473945409428147e-02
4.648648648648649045e-02
3.762376237623762248e-02
6.463878326996198853e-02
4.648648648648649045e-02
4.845814977973567778e-02
9.433962264150942689e-02
1.616628175519630242e-02
7.954545454545455807e-02
7.019867549668873385e-02
1.716068642745709888e-02
3.927492447129909969e-02
1.126760563380281299e-01
5.714285714285714107e-02
7.954545454545455807e-02
7.317073170731708265e-02
2.030869212022745618e-02
5.953827460510328906e-02
1.818181818181818440e-02
3.448275862068966163e-02
2.617801047120418834e-02
3.153988868274582719e-02
4.648648648648649045e-02
5.050505050505050414e-02
8.296943231441046562e-02
1.179673321234120109e-01
7.954545454545455807e-02
7.317073170731708265e-02
6.463878326996198853e-02
3.013698630136986065e-02
1.716068642745709888e-02
4.098360655737704611e-02
3.762376237623762248e-02
2.493551160791058000e-02
3.448275862068966163e-02
3.129770992366409654e-01
1.581291759465478786e-01
7.954545454545455807e-02
7.954545454545455807e-02
1.581291759465478786e-01
7.628294036061025740e-02
3.927492447129909969e-02
3.298774740810556105e-02
2.617801047120418834e-02
5.953827460510328906e-02
3.448275862068966163e-02
2.617801047120418834e-02
3.602726387536514530e-02
6.463878326996198853e-02
1.859296482412060303e-01
3.013698630136986065e-02
6.203473945409428147e-02
1.859296482412060303e-01
5.714285714285714107e-02
1.359999999999999543e-01
4.845814977973567778e-02
1.818181818181818440e-02
1.716068642745709888e-02
1.502145922746780937e-01
5.263157894736841813e-02
1.076923076923076983e-01
1.759036144578312866e-01
3.448275862068966163e-02
3.298774740810556105e-02
2.493551160791058000e-02
7.019867549668873385e-02
2.877697841726618508e-02
1.243599122165325518e-02
2.877697841726618508e-02
1.666666666666666852e-01
5.953827460510328906e-02
6.463878326996198853e-02
4.845814977973567778e-02
4.648648648648649045e-02
5.050505050505050414e-02
7.019867549668873385e-02
2.030869212022745618e-02
5.050505050505050414e-02
5.714285714285714107e-02
5.714285714285714107e-02
4.845814977973567778e-02
3.448275862068966163e-02
3.602726387536514530e-02
1.333333333333333419e-02
3.762376237623762248e-02
9.433962264150942689e-02
9.035222052067380660e-02
7.019867549668873385e-02
3.762376237623762248e-02
2.523961661341853069e-01
4.648648648648649045e-02
9.854604200323098528e-02
2.617801047120418834e-02
6.735751295336786515e-02
1.428571428571428492e-01
7.628294036061025740e-02
7.954545454545455807e-02
5.263157894736841813e-02
5.714285714285714107e-02
1.428571428571428492e-01
4.648648648648649045e-02
3.129770992366409654e-01
2.493551160791058000e-02
3.013698630136986065e-02
4.845814977973567778e-02
8.296943231441046562e-02
1.502145922746780937e-01
2.087912087912087433e-01
4.648648648648649045e-02
3.448275862068966163e-02
4.275286757038580798e-02
2.877697841726618508e-02
1.428571428571428492e-01
3.153988868274582719e-02
4.845814977973567778e-02
2.219020172910662614e-01
1.029900332225913429e-01
3.927492447129909969e-02
7.317073170731708265e-02
6.203473945409428147e-02
7.628294036061025740e-02
6.735751295336786515e-02
1.502145922746780937e-01
5.050505050505050414e-02
3.448275862068966163e-02
4.098360655737704611e-02
6.735751295336786515e-02
1.666666666666666852e-01
5.050505050505050414e-02
1.428571428571428492e-01
1.126760563380281299e-01
2.219020172910662614e-01
3.927492447129909969e-02
7.954545454545455807e-02
7.628294036061025740e-02
1.923076923076922837e-02
2.219020172910662614e-01
8.296943231441046562e-02
3.762376237623762248e-02
7.019867549668873385e-02
5.953827460510328906e-02
3.448275862068966163e-02
3.762376237623762248e-02
2.372881355932203798e-02
7.628294036061025740e-02
2.617801047120418834e-02
5.263157894736841813e-02
1.235955056179775108e-01
5.263157894736841813e-02
7.019867549668873385e-02
1.126760563380281299e-01
5.953827460510328906e-02
4.648648648648649045e-02
4.432989690721650389e-01
4.458598726114650079e-02
6.463878326996198853e-02
5.953827460510328906e-02
8.656716417910448325e-02
1.923076923076922837e-02
1.502145922746780937e-01
6.203473945409428147e-02
9.035222052067380660e-02
4.098360655737704611e-02
1.716068642745709888e-02
1.359999999999999543e-01
5.714285714285714107e-02
3.602726387536514530e-02
2.493551160791058000e-02
1.179673321234120109e-01
1.502145922746780937e-01
4.648648648648649045e-02
5.953827460510328906e-02
8.296943231441046562e-02
2.745792736935340900e-02
1.818181818181818440e-02
6.203473945409428147e-02
3.153988868274582719e-02
7.628294036061025740e-02
1.076923076923076983e-01
9.854604200323098528e-02
8.296943231441046562e-02
3.602726387536514530e-02
1.359999999999999543e-01
8.656716417910448325e-02
5.263157894736841813e-02
5.050505050505050414e-02
1.359999999999999543e-01
3.013698630136986065e-02
1.295938104448742800e-01
3.927492447129909969e-02
7.317073170731708265e-02
5.050505050505050414e-02
4.098360655737704611e-02
7.954545454545455807e-02
3.762376237623762248e-02
3.762376237623762248e-02
3.153988868274582719e-02
1.859296482412060303e-01
1.179673321234120109e-01
4.275286757038580798e-02
6.203473945409428147e-02
9.854604200323098528e-02
4.845814977973567778e-02
4.648648648648649045e-02
2.141680395387149730e-02
1.126760563380281299e-01
1.126760563380281299e-01
2.087912087912087433e-01
3.298774740810556105e-02
1.428571428571428492e-01
1.126760563380281299e-01
4.458598726114650079e-02
2.363636363636363591e-01
2.745792736935340900e-02
1.818181818181818440e-02
6.203473945409428147e-02
1.666666666666666852e-01
2.219020172910662614e-01
1.359999999999999543e-01
3.927492447129909969e-02
9.035222052067380660e-02
3.298774740810556105e-02
2.877697841726618508e-02
9.035222052067380660e-02
1.666666666666666852e-01
5.050505050505050414e-02
7.954545454545455807e-02
9.854604200323098528e-02
1.359999999999999543e-01
4.845814977973567778e-02
7.317073170731708265e-02
8.296943231441046562e-02
1.581291759465478786e-01
1.076923076923076983e-01
2.255639097744361124e-02
1.235955056179775108e-01
3.298774740810556105e-02
4.845814977973567778e-02
9.433962264150942689e-02
3.298774740810556105e-02
7.628294036061025740e-02
1.716068642745709888e-02
3.013698630136986065e-02
9.854604200323098528e-02
2.363636363636363591e-01
1.428571428571428492e-01
2.493551160791058000e-02
4.275286757038580798e-02
8.656716417910448325e-02
4.458598726114650079e-02
4.275286757038580798e-02
3.298774740810556105e-02
4.458598726114650079e-02
9.433962264150942689e-02
4.648648648648649045e-02
5.484247374562428029e-02
5.050505050505050414e-02
1.359999999999999543e-01
1.295938104448742800e-01
5.714285714285714107e-02
2.523961661341853069e-01
7.019867549668873385e-02
8.656716417910448325e-02
1.029900332225913429e-01
1.295938104448742800e-01
7.954545454545455807e-02
1.359999999999999543e-01
7.954545454545455807e-02
4.845814977973567778e-02
2.745792736935340900e-02
3.448275862068966163e-02
7.954545454545455807e-02
3.602726387536514530e-02
4.845814977973567778e-02
1.759036144578312866e-01
1.502145922746780937e-01
4.915254237288131933e-01
2.493551160791058000e-02
1.179673321234120109e-01
1.126760563380281299e-01
1.126760563380281299e-01
4.275286757038580798e-02
2.363636363636363591e-01
1.235955056179775108e-01
1.359999999999999543e-01
5.050505050505050414e-02
7.954545454545455807e-02
5.484247374562428029e-02
1.759036144578312866e-01
6.223776223776221750e-01
8.656716417910448325e-02
1.616628175519630242e-02
8.296943231441046562e-02
1.029900332225913429e-01
5.263157894736841813e-02
2.372881355932203798e-02
5.953827460510328906e-02
4.845814977973567778e-02
4.275286757038580798e-02
1.759036144578312866e-01
6.735751295336786515e-02
6.203473945409428147e-02
7.954545454545455807e-02
3.927492447129909969e-02
7.019867549668873385e-02
2.877697841726618508e-02
3.602726387536514530e-02
1.581291759465478786e-01
6.735751295336786515e-02
2.255639097744361124e-02
4.275286757038580798e-02
6.203473945409428147e-02
6.735751295336786515e-02
3.448275862068966163e-02
5.050505050505050414e-02
7.019867549668873385e-02
3.013698630136986065e-02
9.433962264150942689e-02
1.502145922746780937e-01
1.716068642745709888e-02
5.263157894736841813e-02
4.648648648648649045e-02
4.275286757038580798e-02
9.433962264150942689e-02
7.628294036061025740e-02
6.463878326996198853e-02
6.735751295336786515e-02
7.628294036061025740e-02
3.013698630136986065e-02
3.013698630136986065e-02
7.954545454545455807e-02
9.854604200323098528e-02
6.463878326996198853e-02
5.953827460510328906e-02
8.656716417910448325e-02
5.484247374562428029e-02
1.029900332225913429e-01
7.317073170731708265e-02
2.219020172910662614e-01
1.235955056179775108e-01
9.035222052067380660e-02
3.602726387536514530e-02
7.317073170731708265e-02
1.295938104448742800e-01
4.648648648648649045e-02
4.915254237288131933e-01
3.013698630136986065e-02
3.927492447129909969e-02
9.854604200323098528e-02
1.666666666666666852e-01
2.030869212022745618e-02
4.648648648648649045e-02
3.153988868274582719e-02
2.372881355932203798e-02
5.714285714285714107e-02
7.628294036061025740e-02
2.372881355932203798e-02
6.735751295336786515e-02
6.203473945409428147e-02
3.013698630136986065e-02
1.179673321234120109e-01
4.275286757038580798e-02
6.463878326996198853e-02
7.954545454545455807e-02
5.050505050505050414e-02
4.458598726114650079e-02
4.845814977973567778e-02
1.295938104448742800e-01
2.877697841726618508e-02
6.735751295336786515e-02
7.628294036061025740e-02
2.617801047120418834e-02
4.648648648648649045e-02
4.458598726114650079e-02
4.275286757038580798e-02
5.714285714285714107e-02
9.035222052067380660e-02
6.463878326996198853e-02
5.484247374562428029e-02
4.458598726114650079e-02
4.845814977973567778e-02
1.235955056179775108e-01
3.602726387536514530e-02
2.030869212022745618e-02
4.275286757038580798e-02
3.762376237623762248e-02
4.648648648648649045e-02
2.219020172910662614e-01
4.648648648648649045e-02
2.745792736935340900e-02
3.762376237623762248e-02
4.648648648648649045e-02
9.035222052067380660e-02
4.845814977973567778e-02
7.019867549668873385e-02
1.029900332225913429e-01
1.923076923076922837e-02
8.296943231441046562e-02
2.372881355932203798e-02
5.953827460510328906e-02
7.019867549668873385e-02
3.602726387536514530e-02
3.762376237623762248e-02
2.030869212022745618e-02
1.581291759465478786e-01
2.877697841726618508e-02
5.050505050505050414e-02
1.502145922746780937e-01
5.714285714285714107e-02
6.463878326996198853e-02
3.153988868274582719e-02
9.433962264150942689e-02
4.275286757038580798e-02
1.126760563380281299e-01
1.923076923076922837e-02
7.317073170731708265e-02
1.359999999999999543e-01
2.363636363636363591e-01
1.235955056179775108e-01
5.714285714285714107e-02
1.243599122165325518e-02
1.295938104448742800e-01
5.484247374562428029e-02
1.581291759465478786e-01
6.463878326996198853e-02
2.877697841726618508e-02
7.954545454545455807e-02
7.019867549668873385e-02
4.275286757038580798e-02
6.203473945409428147e-02
1.295938104448742800e-01
4.098360655737704611e-02
8.656716417910448325e-02
4.648648648648649045e-02
2.617801047120418834e-02
3.013698630136986065e-02
3.448275862068966163e-02
3.298774740810556105e-02
4.098360655737704611e-02
4.845814977973567778e-02
3.602726387536514530e-02
5.263157894736841813e-02
1.502145922746780937e-01
6.203473945409428147e-02
3.762376237623762248e-02
4.098360655737704611e-02
1.519756838905775113e-02
9.854604200323098528e-02
5.484247374562428029e-02
4.275286757038580798e-02
5.050505050505050414e-02
2.372881355932203798e-02
9.035222052067380660e-02
7.019867549668873385e-02
3.448275862068966163e-02
2.523961661341853069e-01
7.317073170731708265e-02
5.050505050505050414e-02
9.854604200323098528e-02
5.714285714285714107e-02
2.877697841726618508e-02
9.035222052067380660e-02
5.263157894736841813e-02
6.463878326996198853e-02
1.519756838905775113e-02
5.714285714285714107e-02
2.030869212022745618e-02
1.581291759465478786e-01
1.759036144578312866e-01
1.029900332225913429e-01
5.263157894736841813e-02
3.762376237623762248e-02
7.317073170731708265e-02
8.296943231441046562e-02
1.519756838905775113e-02
3.448275862068966163e-02
4.275286757038580798e-02
9.854604200323098528e-02
5.953827460510328906e-02
1.502145922746780937e-01
2.745792736935340900e-02
7.317073170731708265e-02
2.523961661341853069e-01
9.854604200323098528e-02
1.968503937007873017e-01
6.203473945409428147e-02
3.298774740810556105e-02
2.617801047120418834e-02
4.458598726114650079e-02
5.714285714285714107e-02
1.519756838905775113e-02
9.035222052067380660e-02
1.428571428571428492e-01
3.927492447129909969e-02
1.235955056179775108e-01
1.029900332225913429e-01
1.581291759465478786e-01
7.628294036061025740e-02
4.275286757038580798e-02
4.648648648648649045e-02
4.275286757038580798e-02
4.458598726114650079e-02
9.035222052067380660e-02
3.927492447129909969e-02
3.448275862068966163e-02
4.098360655737704611e-02
4.458598726114650079e-02
1.859296482412060303e-01
1.428571428571428492e-01
5.050505050505050414e-02
6.203473945409428147e-02
8.656716417910448325e-02
2.219020172910662614e-01
1.428571428571428492e-01
4.028436018957345377e-01
7.954545454545455807e-02
7.019867549668873385e-02
1.923076923076922837e-02
1.425356339084771391e-02
2.372881355932203798e-02
7.628294036061025740e-02
3.448275862068966163e-02
5.953827460510328906e-02
7.019867549668873385e-02
1.029900332225913429e-01
5.484247374562428029e-02
1.616628175519630242e-02
2.087912087912087433e-01
1.428571428571428492e-01
4.458598726114650079e-02
2.363636363636363591e-01
2.877697841726618508e-02
1.818181818181818440e-02
7.628294036061025740e-02
6.735751295336786515e-02
3.129770992366409654e-01
2.087912087912087433e-01
2.877697841726618508e-02
3.153988868274582719e-02
3.602726387536514530e-02
8.296943231441046562e-02
2.702702702702701187e-01
5.484247374562428029e-02
5.714285714285714107e-02
1.581291759465478786e-01
1.502145922746780937e-01
7.954545454545455807e-02
2.219020172910662614e-01
5.714285714285714107e-02
1.968503937007873017e-01
1.126760563380281299e-01
2.030869212022745618e-02
1.029900332225913429e-01
1.502145922746780937e-01
6.735751295336786515e-02
6.463878326996198853e-02
2.702702702702701187e-01
6.463878326996198853e-02
2.523961661341853069e-01
1.359999999999999543e-01
2.745792736935340900e-02
1.359999999999999543e-01
1.759036144578312866e-01
1.502145922746780937e-01
4.845814977973567778e-02
2.617801047120418834e-02
3.153988868274582719e-02
6.463878326996198853e-02
1.581291759465478786e-01
1.076923076923076983e-01
5.953827460510328906e-02
7.628294036061025740e-02
2.493551160791058000e-02
3.762376237623762248e-02
1.295938104448742800e-01
6.735751295336786515e-02
5.263157894736841813e-02
7.954545454545455807e-02
5.050505050505050414e-02
5.050505050505050414e-02
3.927492447129909969e-02
1.076923076923076983e-01
1.923076923076922837e-02
3.448275862068966163e-02
2.219020172910662614e-01
4.275286757038580798e-02
4.648648648648649045e-02
7.019867549668873385e-02
3.762376237623762248e-02
7.954545454545455807e-02
7.019867549668873385e-02
1.295938104448742800e-01
1.235955056179775108e-01
9.035222052067380660e-02
8.296943231441046562e-02
7.019867549668873385e-02
3.684210526315787604e-01
3.602726387536514530e-02
1.126760563380281299e-01
1.428571428571428492e-01
1.759036144578312866e-01
1.425356339084771391e-02
4.098360655737704611e-02
5.050505050505050414e-02
7.019867549668873385e-02
1.616628175519630242e-02
3.762376237623762248e-02
7.954545454545455807e-02
2.372881355932203798e-02
6.463878326996198853e-02
3.762376237623762248e-02
1.502145922746780937e-01
4.098360655737704611e-02
5.953827460510328906e-02
9.433962264150942689e-02
1.428571428571428492e-01
1.425356339084771391e-02
1.126760563380281299e-01
1.179673321234120109e-01
2.493551160791058000e-02
5.714285714285714107e-02
2.617801047120418834e-02
7.317073170731708265e-02
5.263157894736841813e-02
5.714285714285714107e-02
4.458598726114650079e-02
8.656716417910448325e-02
6.735751295336786515e-02
1.126760563380281299e-01
4.648648648648649045e-02
3.387755102040816979e-01
1.759036144578312866e-01
2.877697841726618508e-02
2.745792736935340900e-02
3.153988868274582719e-02
4.648648648648649045e-02
1.333333333333333419e-02
8.296943231441046562e-02
4.915254237288131933e-01
1.359999999999999543e-01
4.098360655737704611e-02
3.762376237623762248e-02
5.953827460510328906e-02
9.854604200323098528e-02
2.141680395387149730e-02
1.076923076923076983e-01
5.050505050505050414e-02
1.818181818181818440e-02
5.263157894736841813e-02
5.499999999999997113e-01
6.463878326996198853e-02
3.298774740810556105e-02
1.295938104448742800e-01
6.735751295336786515e-02
1.502145922746780937e-01
2.030869212022745618e-02
4.845814977973567778e-02
1.295938104448742800e-01
3.153988868274582719e-02
3.153988868274582719e-02
7.142857142857144126e-01
5.953827460510328906e-02
3.602726387536514530e-02
7.317073170731708265e-02
4.098360655737704611e-02
2.877697841726618508e-02
3.448275862068966163e-02
4.458598726114650079e-02
2.493551160791058000e-02
3.762376237623762248e-02
3.602726387536514530e-02
6.203473945409428147e-02
2.493551160791058000e-02
9.854604200323098528e-02
7.019867549668873385e-02
7.019867549668873385e-02
4.845814977973567778e-02
5.714285714285714107e-02
2.372881355932203798e-02
1.581291759465478786e-01
4.648648648648649045e-02
3.013698630136986065e-02
1.502145922746780937e-01
4.275286757038580798e-02
9.854604200323098528e-02
5.484247374562428029e-02
3.927492447129909969e-02
1.235955056179775108e-01
4.275286757038580798e-02
5.714285714285714107e-02
7.954545454545455807e-02
4.648648648648649045e-02
5.263157894736841813e-02
1.581291759465478786e-01
3.927492447129909969e-02
5.953827460510328906e-02
5.714285714285714107e-02
1.235955056179775108e-01
4.098360655737704611e-02
2.493551160791058000e-02
7.628294036061025740e-02
1.502145922746780937e-01
1.179673321234120109e-01
7.019867549668873385e-02
7.628294036061025740e-02
1.759036144578312866e-01
1.179673321234120109e-01
7.628294036061025740e-02
1.295938104448742800e-01
9.433962264150942689e-02
2.141680395387149730e-02
2.702702702702701187e-01
1.076923076923076983e-01
4.458598726114650079e-02
3.013698630136986065e-02
4.275286757038580798e-02
8.656716417910448325e-02
3.762376237623762248e-02
5.953827460510328906e-02
1.359999999999999543e-01
1.333333333333333419e-02
3.762376237623762248e-02
1.029900332225913429e-01
4.845814977973567778e-02
9.035222052067380660e-02
1.581291759465478786e-01
5.050505050505050414e-02
4.648648648648649045e-02
2.372881355932203798e-02
2.219020172910662614e-01
4.648648648648649045e-02
9.035222052067380660e-02
1.126760563380281299e-01
7.628294036061025740e-02
3.927492447129909969e-02
5.953827460510328906e-02
4.845814977973567778e-02
7.954545454545455807e-02
2.523961661341853069e-01
1.295938104448742800e-01
1.759036144578312866e-01
1.859296482412060303e-01
5.484247374562428029e-02
1.235955056179775108e-01
1.502145922746780937e-01
4.845814977973567778e-02
3.762376237623762248e-02
2.877697841726618508e-02
4.275286757038580798e-02
7.628294036061025740e-02
6.203473945409428147e-02
5.050505050505050414e-02
7.019867549668873385e-02
2.745792736935340900e-02
4.275286757038580798e-02
2.877697841726618508e-02
1.235955056179775108e-01
3.927492447129909969e-02
4.845814977973567778e-02
7.019867549668873385e-02
1.126760563380281299e-01
4.648648648648649045e-02
8.296943231441046562e-02
8.656716417910448325e-02
7.954545454545455807e-02
8.656716417910448325e-02
2.745792736935340900e-02
1.818181818181818440e-02
3.298774740810556105e-02
4.458598726114650079e-02
5.050505050505050414e-02
3.129770992366409654e-01
3.298774740810556105e-02
1.359999999999999543e-01
5.484247374562428029e-02
6.203473945409428147e-02
8.656716417910448325e-02
3.448275862068966163e-02
3.602726387536514530e-02
4.275286757038580798e-02
5.484247374562428029e-02
9.433962264150942689e-02
1.666666666666666852e-01
7.019867549668873385e-02
3.298774740810556105e-02
1.502145922746780937e-01
2.372881355932203798e-02
4.275286757038580798e-02
3.927492447129909969e-02
6.735751295336786515e-02
7.628294036061025740e-02
5.050505050505050414e-02
5.714285714285714107e-02
4.275286757038580798e-02
4.098360655737704611e-02
2.877697841726618508e-02
8.656716417910448325e-02
1.968503937007873017e-01
6.203473945409428147e-02
9.433962264150942689e-02
4.845814977973567778e-02
1.968503937007873017e-01
6.735751295336786515e-02
3.762376237623762248e-02
8.656716417910448325e-02
2.493551160791058000e-02
8.296943231441046562e-02
8.656716417910448325e-02
2.255639097744361124e-02
5.714285714285714107e-02
5.714285714285714107e-02
9.433962264150942689e-02
2.903225806451612545e-01
6.735751295336786515e-02
5.953827460510328906e-02
3.448275862068966163e-02
4.458598726114650079e-02
1.359999999999999543e-01
2.745792736935340900e-02
4.458598726114650079e-02
2.877697841726618508e-02
3.684210526315787604e-01
1.581291759465478786e-01
4.845814977973567778e-02
2.617801047120418834e-02
7.954545454545455807e-02
2.030869212022745618e-02
5.499999999999997113e-01
3.602726387536514530e-02
5.953827460510328906e-02
7.317073170731708265e-02
3.602726387536514530e-02
1.968503937007873017e-01
4.648648648648649045e-02
3.013698630136986065e-02
2.255639097744361124e-02
6.203473945409428147e-02
3.602726387536514530e-02
3.762376237623762248e-02
3.927492447129909969e-02
6.463878326996198853e-02
5.050505050505050414e-02
7.628294036061025740e-02
9.854604200323098528e-02
9.035222052067380660e-02
1.126760563380281299e-01
2.141680395387149730e-02
6.735751295336786515e-02
1.581291759465478786e-01
6.463878326996198853e-02
1.666666666666666852e-01
2.617801047120418834e-02
1.179673321234120109e-01
1.616628175519630242e-02
8.656716417910448325e-02
2.493551160791058000e-02
9.433962264150942689e-02
3.448275862068966163e-02
3.602726387536514530e-02
3.684210526315787604e-01
9.854604200323098528e-02
2.141680395387149730e-02
3.602726387536514530e-02
4.432989690721650389e-01
4.845814977973567778e-02
7.628294036061025740e-02
1.666666666666666852e-01
2.745792736935340900e-02
7.019867549668873385e-02
5.050505050505050414e-02
6.203473945409428147e-02
4.275286757038580798e-02
3.602726387536514530e-02
4.845814977973567778e-02
3.927492447129909969e-02
8.296943231441046562e-02
1.179673321234120109e-01
3.762376237623762248e-02
7.317073170731708265e-02
9.035222052067380660e-02
4.458598726114650079e-02
8.656716417910448325e-02
4.845814977973567778e-02
2.523961661341853069e-01
9.035222052067380660e-02
2.219020172910662614e-01
6.203473945409428147e-02
1.179673321234120109e-01
8.296943231441046562e-02
5.050505050505050414e-02
7.019867549668873385e-02
4.648648648648649045e-02
2.617801047120418834e-02
8.296943231441046562e-02
1.359999999999999543e-01
2.372881355932203798e-02
1.968503937007873017e-01
1.616628175519630242e-02
6.463878326996198853e-02
5.263157894736841813e-02
3.013698630136986065e-02
6.203473945409428147e-02
4.648648648648649045e-02
1.235955056179775108e-01
6.735751295336786515e-02
1.295938104448742800e-01
2.877697841726618508e-02
3.762376237623762248e-02
6.463878326996198853e-02
2.030869212022745618e-02
1.029900332225913429e-01
1.859296482412060303e-01
6.203473945409428147e-02
7.019867549668873385e-02
8.296943231441046562e-02
3.762376237623762248e-02
2.141680395387149730e-02
3.762376237623762248e-02
2.493551160791058000e-02
3.762376237623762248e-02
3.927492447129909969e-02
9.854604200323098528e-02
1.759036144578312866e-01
2.030869212022745618e-02
2.745792736935340900e-02
2.745792736935340900e-02
7.628294036061025740e-02
6.735751295336786515e-02
8.296943231441046562e-02
5.484247374562428029e-02
5.714285714285714107e-02
3.153988868274582719e-02
7.019867549668873385e-02
1.126760563380281299e-01
1.029900332225913429e-01
3.602726387536514530e-02
2.493551160791058000e-02
3.448275862068966163e-02
1.428571428571428492e-01
1.425356339084771391e-02
1.923076923076922837e-02
4.458598726114650079e-02
6.735751295336786515e-02
1.029900332225913429e-01
2.255639097744361124e-02
2.745792736935340900e-02
3.927492447129909969e-02
5.953827460510328906e-02
2.255639097744361124e-02
5.714285714285714107e-02
3.013698630136986065e-02
4.845814977973567778e-02
3.298774740810556105e-02
1.616628175519630242e-02
1.029900332225913429e-01
4.845814977973567778e-02
3.298774740810556105e-02
6.463878326996198853e-02
1.616628175519630242e-02
1.126760563380281299e-01
4.845814977973567778e-02
9.854604200323098528e-02
3.762376237623762248e-02
1.425356339084771391e-02
1.126760563380281299e-01
1.968503937007873017e-01
2.141680395387149730e-02
5.484247374562428029e-02
7.019867549668873385e-02
2.523961661341853069e-01
2.493551160791058000e-02
5.050505050505050414e-02
4.458598726114650079e-02
7.628294036061025740e-02
2.617801047120418834e-02
7.317073170731708265e-02
1.502145922746780937e-01
3.298774740810556105e-02
5.263157894736841813e-02
1.029900332225913429e-01
4.915254237288131933e-01
4.098360655737704611e-02
1.818181818181818440e-02
1.029900332225913429e-01
2.363636363636363591e-01
7.628294036061025740e-02
8.296943231441046562e-02
3.762376237623762248e-02
1.968503937007873017e-01
5.050505050505050414e-02
2.617801047120418834e-02
1.076923076923076983e-01
7.954545454545455807e-02
9.854604200323098528e-02
8.296943231441046562e-02
1.076923076923076983e-01
9.035222052067380660e-02
2.877697841726618508e-02
4.098360655737704611e-02
7.628294036061025740e-02
5.953827460510328906e-02
5.953827460510328906e-02
1.126760563380281299e-01
4.098360655737704611e-02
5.263157894736841813e-02
2.493551160791058000e-02
9.433962264150942689e-02
5.050505050505050414e-02
3.927492447129909969e-02
3.013698630136986065e-02
1.666666666666666852e-01
4.098360655737704611e-02
1.076923076923076983e-01
1.179673321234120109e-01
5.953827460510328906e-02
9.433962264150942689e-02
1.968503937007873017e-01
7.142857142857144126e-01
2.617801047120418834e-02
8.296943231441046562e-02
2.255639097744361124e-02
1.616628175519630242e-02
7.628294036061025740e-02
3.153988868274582719e-02
