1.365313653136531191e-01
8.310991957104557626e-02
1.496062992125984370e-01
1.249999999999999722e-01
2.782324058919804013e-02
7.692307692307691347e-02
3.898305084745763427e-01
7.125307125307123179e-02
2.547770700636942803e-02
5.263157894736841813e-02
6.603773584905661687e-02
1.055900621118012611e-01
1.055900621118012611e-01
8.988764044943821363e-02
3.571428571428571924e-02
8.310991957104557626e-02
2.325581395348837177e-02
4.878048780487804353e-02
4.878048780487804353e-02
2.019704433497536422e-01
1.645569620253165000e-01
8.988764044943821363e-02
5.263157894736841813e-02
8.988764044943821363e-02
1.542776998597475413e-02
9.734513274336284439e-02
2.547770700636942803e-02
1.542776998597475413e-02
1.542776998597475413e-02
3.867403314917126911e-02
9.734513274336284439e-02
8.310991957104557626e-02
1.365313653136531191e-01
1.645569620253165000e-01
1.147540983606557125e-01
2.258064516129031640e-01
2.325581395348837177e-02
5.263157894736841813e-02
3.571428571428571924e-02
4.182509505703422420e-02
4.518664047151277341e-02
6.603773584905661687e-02
7.692307692307691347e-02
1.249999999999999722e-01
2.547770700636942803e-02
9.734513274336284439e-02
5.676855895196506602e-02
2.894736842105262720e-01
2.547770700636942803e-02
6.603773584905661687e-02
8.310991957104557626e-02
4.878048780487804353e-02
1.055900621118012611e-01
5.263157894736841813e-02
2.547770700636942803e-02
7.125307125307123179e-02
2.894736842105262720e-01
2.019704433497536422e-01
1.147540983606557125e-01
1.645569620253165000e-01
1.249999999999999722e-01
1.249999999999999722e-01
9.734513274336284439e-02
1.249999999999999722e-01
4.182509505703422420e-02
2.782324058919804013e-02
1.147540983606557125e-01
6.122448979591837287e-02
1.818181818181818787e-01
3.030303030303029693e-02
1.365313653136531191e-01
1.365313653136531191e-01
1.365313653136531191e-01
1.147540983606557125e-01
7.125307125307123179e-02
6.122448979591837287e-02
2.325581395348837177e-02
8.310991957104557626e-02
1.147540983606557125e-01
1.147540983606557125e-01
1.249999999999999722e-01
8.310991957104557626e-02
9.734513274336284439e-02
3.867403314917126911e-02
6.603773584905661687e-02
2.894736842105262720e-01
1.147540983606557125e-01
3.571428571428571924e-02
3.867403314917126911e-02
1.365313653136531191e-01
1.365313653136531191e-01
1.365313653136531191e-01
4.878048780487804353e-02
1.249999999999999722e-01
2.019704433497536422e-01
7.125307125307123179e-02
3.030303030303029693e-02
4.878048780487804353e-02
7.125307125307123179e-02
8.310991957104557626e-02
2.114803625377643589e-02
2.325581395348837177e-02
9.734513274336284439e-02
2.325581395348837177e-02
2.114803625377643589e-02
1.249999999999999722e-01
4.182509505703422420e-02
1.365313653136531191e-01
2.325581395348837177e-02
6.122448979591837287e-02
1.496062992125984370e-01
3.571428571428571924e-02
2.782324058919804013e-02
1.542776998597475413e-02
7.692307692307691347e-02
1.365313653136531191e-01
1.147540983606557125e-01
2.258064516129031640e-01
5.676855895196506602e-02
6.122448979591837287e-02
2.258064516129031640e-01
2.258064516129031640e-01
2.325581395348837177e-02
2.544378698224851743e-01
1.365313653136531191e-01
1.365313653136531191e-01
7.125307125307123179e-02
1.496062992125984370e-01
1.365313653136531191e-01
1.496062992125984370e-01
1.365313653136531191e-01
5.714285714285709528e-01
1.147540983606557125e-01
1.249999999999999722e-01
4.518664047151277341e-02
5.263157894736841813e-02
7.125307125307123179e-02
4.878048780487804353e-02
2.325581395348837177e-02
1.542776998597475413e-02
1.724137931034482735e-02
1.645569620253165000e-01
2.547770700636942803e-02
1.496062992125984370e-01
1.147540983606557125e-01
1.818181818181818787e-01
7.125307125307123179e-02
8.310991957104557626e-02
7.692307692307691347e-02
1.249999999999999722e-01
1.249999999999999722e-01
8.310991957104557626e-02
8.988764044943821363e-02
9.734513274336284439e-02
1.055900621118012611e-01
2.782324058919804013e-02
1.496062992125984370e-01
2.325581395348837177e-02
1.365313653136531191e-01
1.645569620253165000e-01
1.147540983606557125e-01
3.292894280762565656e-02
2.544378698224851743e-01
1.365313653136531191e-01
8.988764044943821363e-02
1.645569620253165000e-01
8.310991957104557626e-02
1.249999999999999722e-01
3.867403314917126911e-02
1.496062992125984370e-01
4.878048780487804353e-02
1.496062992125984370e-01
8.310991957104557626e-02
1.818181818181818787e-01
8.988764044943821363e-02
1.147540983606557125e-01
1.249999999999999722e-01
5.263157894736841813e-02
2.114803625377643589e-02
1.365313653136531191e-01
2.258064516129031640e-01
6.603773584905661687e-02
6.122448979591837287e-02
6.603773584905661687e-02
2.019704433497536422e-01
2.258064516129031640e-01
1.496062992125984370e-01
1.496062992125984370e-01
3.292894280762565656e-02
8.988764044943821363e-02
3.030303030303029693e-02
3.030303030303029693e-02
1.147540983606557125e-01
8.988764044943821363e-02
4.878048780487804353e-02
3.867403314917126911e-02
1.055900621118012611e-01
8.988764044943821363e-02
1.147540983606557125e-01
9.734513274336284439e-02
1.365313653136531191e-01
8.988764044943821363e-02
5.676855895196506602e-02
1.365313653136531191e-01
1.496062992125984370e-01
7.692307692307691347e-02
4.182509505703422420e-02
8.310991957104557626e-02
1.365313653136531191e-01
4.518664047151277341e-02
3.867403314917126911e-02
3.867403314917126911e-02
1.496062992125984370e-01
7.125307125307123179e-02
1.496062992125984370e-01
3.292894280762565656e-02
1.818181818181818787e-01
4.518664047151277341e-02
1.055900621118012611e-01
8.310991957104557626e-02
2.019704433497536422e-01
1.204819277108433624e-02
2.019704433497536422e-01
2.782324058919804013e-02
1.645569620253165000e-01
7.125307125307123179e-02
1.365313653136531191e-01
1.055900621118012611e-01
1.249999999999999722e-01
6.603773584905661687e-02
2.544378698224851743e-01
1.147540983606557125e-01
3.292894280762565656e-02
1.365313653136531191e-01
6.603773584905661687e-02
1.055900621118012611e-01
3.030303030303029693e-02
1.147540983606557125e-01
7.125307125307123179e-02
8.988764044943821363e-02
8.988764044943821363e-02
4.878048780487804353e-02
1.249999999999999722e-01
2.547770700636942803e-02
8.310991957104557626e-02
9.734513274336284439e-02
3.292894280762565656e-02
1.818181818181818787e-01
1.724137931034482735e-02
3.571428571428571924e-02
6.122448979591837287e-02
7.692307692307691347e-02
4.878048780487804353e-02
3.292894280762565656e-02
8.310991957104557626e-02
1.818181818181818787e-01
9.734513274336284439e-02
1.496062992125984370e-01
1.249999999999999722e-01
1.249999999999999722e-01
6.122448979591837287e-02
7.125307125307123179e-02
1.249999999999999722e-01
2.782324058919804013e-02
7.125307125307123179e-02
4.518664047151277341e-02
1.914580265095729150e-02
2.325581395348837177e-02
7.692307692307691347e-02
1.055900621118012611e-01
1.249999999999999722e-01
1.365313653136531191e-01
3.030303030303029693e-02
1.055900621118012611e-01
1.249999999999999722e-01
1.055900621118012611e-01
8.988764044943821363e-02
1.645569620253165000e-01
2.325581395348837177e-02
2.114803625377643589e-02
1.724137931034482735e-02
1.645569620253165000e-01
4.518664047151277341e-02
1.055900621118012611e-01
6.122448979591837287e-02
1.147540983606557125e-01
1.055900621118012611e-01
9.734513274336284439e-02
1.147540983606557125e-01
6.603773584905661687e-02
8.310991957104557626e-02
8.310991957104557626e-02
2.114803625377643589e-02
5.263157894736841813e-02
3.030303030303029693e-02
8.310991957104557626e-02
1.496062992125984370e-01
4.878048780487804353e-02
3.898305084745763427e-01
8.988764044943821363e-02
1.147540983606557125e-01
3.571428571428571924e-02
7.692307692307691347e-02
1.365313653136531191e-01
7.125307125307123179e-02
5.263157894736841813e-02
1.249999999999999722e-01
1.496062992125984370e-01
6.603773584905661687e-02
1.055900621118012611e-01
1.055900621118012611e-01
1.249999999999999722e-01
6.122448979591837287e-02
2.019704433497536422e-01
1.147540983606557125e-01
1.055900621118012611e-01
4.518664047151277341e-02
1.645569620253165000e-01
1.249999999999999722e-01
1.818181818181818787e-01
1.542776998597475413e-02
9.734513274336284439e-02
8.310991957104557626e-02
2.325581395348837177e-02
1.147540983606557125e-01
4.182509505703422420e-02
1.055900621118012611e-01
3.333333333333333703e-01
1.055900621118012611e-01
1.249999999999999722e-01
9.734513274336284439e-02
4.518664047151277341e-02
6.603773584905661687e-02
2.544378698224851743e-01
2.782324058919804013e-02
5.263157894736841813e-02
1.055900621118012611e-01
4.518664047151277341e-02
9.734513274336284439e-02
1.249999999999999722e-01
1.249999999999999722e-01
1.249999999999999722e-01
1.365313653136531191e-01
1.249999999999999722e-01
3.292894280762565656e-02
3.030303030303029693e-02
9.734513274336284439e-02
1.645569620253165000e-01
5.263157894736841813e-02
1.818181818181818787e-01
1.249999999999999722e-01
2.019704433497536422e-01
1.249999999999999722e-01
8.988764044943821363e-02
2.782324058919804013e-02
1.496062992125984370e-01
1.249999999999999722e-01
8.988764044943821363e-02
3.292894280762565656e-02
2.547770700636942803e-02
6.122448979591837287e-02
6.122448979591837287e-02
5.676855895196506602e-02
9.734513274336284439e-02
1.365313653136531191e-01
1.147540983606557125e-01
8.310991957104557626e-02
1.055900621118012611e-01
1.055900621118012611e-01
8.988764044943821363e-02
9.734513274336284439e-02
1.645569620253165000e-01
1.818181818181818787e-01
6.603773584905661687e-02
2.547770700636942803e-02
1.365313653136531191e-01
5.263157894736841813e-02
3.867403314917126911e-02
4.878048780487804353e-02
8.988764044943821363e-02
7.125307125307123179e-02
1.914580265095729150e-02
1.365313653136531191e-01
1.147540983606557125e-01
9.734513274336284439e-02
1.365313653136531191e-01
1.369863013698630408e-02
3.030303030303029693e-02
1.365313653136531191e-01
1.365313653136531191e-01
8.310991957104557626e-02
2.019704433497536422e-01
3.292894280762565656e-02
1.249999999999999722e-01
9.734513274336284439e-02
1.365313653136531191e-01
1.055900621118012611e-01
5.676855895196506602e-02
1.365313653136531191e-01
7.692307692307691347e-02
1.147540983606557125e-01
2.258064516129031640e-01
7.692307692307691347e-02
3.867403314917126911e-02
5.676855895196506602e-02
4.182509505703422420e-02
9.734513274336284439e-02
6.122448979591837287e-02
5.263157894736841813e-02
7.692307692307691347e-02
6.122448979591837287e-02
9.734513274336284439e-02
2.258064516129031640e-01
7.125307125307123179e-02
9.734513274336284439e-02
1.645569620253165000e-01
7.125307125307123179e-02
1.147540983606557125e-01
6.122448979591837287e-02
1.365313653136531191e-01
8.988764044943821363e-02
6.603773584905661687e-02
2.782324058919804013e-02
5.676855895196506602e-02
1.365313653136531191e-01
1.818181818181818787e-01
3.030303030303029693e-02
3.571428571428571924e-02
7.692307692307691347e-02
1.365313653136531191e-01
9.734513274336284439e-02
7.125307125307123179e-02
1.496062992125984370e-01
1.818181818181818787e-01
2.019704433497536422e-01
7.125307125307123179e-02
1.249999999999999722e-01
5.263157894736841813e-02
3.867403314917126911e-02
2.114803625377643589e-02
2.019704433497536422e-01
7.692307692307691347e-02
1.055900621118012611e-01
4.878048780487804353e-02
1.249999999999999722e-01
3.867403314917126911e-02
6.122448979591837287e-02
9.734513274336284439e-02
4.878048780487804353e-02
9.734513274336284439e-02
8.310991957104557626e-02
8.988764044943821363e-02
6.603773584905661687e-02
1.249999999999999722e-01
5.676855895196506602e-02
1.147540983606557125e-01
3.292894280762565656e-02
5.263157894736841813e-02
2.258064516129031640e-01
2.547770700636942803e-02
4.518664047151277341e-02
3.292894280762565656e-02
8.988764044943821363e-02
1.496062992125984370e-01
9.734513274336284439e-02
8.988764044943821363e-02
1.818181818181818787e-01
1.249999999999999722e-01
7.125307125307123179e-02
2.258064516129031640e-01
2.019704433497536422e-01
4.878048780487804353e-02
5.676855895196506602e-02
4.878048780487804353e-02
1.147540983606557125e-01
1.365313653136531191e-01
8.988764044943821363e-02
1.147540983606557125e-01
1.365313653136531191e-01
6.603773584905661687e-02
2.782324058919804013e-02
1.249999999999999722e-01
1.147540983606557125e-01
7.692307692307691347e-02
6.603773584905661687e-02
2.782324058919804013e-02
2.114803625377643589e-02
2.782324058919804013e-02
9.734513274336284439e-02
4.878048780487804353e-02
5.263157894736841813e-02
1.147540983606557125e-01
4.182509505703422420e-02
2.325581395348837177e-02
1.496062992125984370e-01
1.147540983606557125e-01
2.325581395348837177e-02
5.676855895196506602e-02
1.147540983606557125e-01
1.055900621118012611e-01
9.734513274336284439e-02
6.122448979591837287e-02
4.878048780487804353e-02
8.310991957104557626e-02
2.782324058919804013e-02
9.734513274336284439e-02
4.518664047151277341e-02
1.365313653136531191e-01
1.055900621118012611e-01
7.125307125307123179e-02
1.365313653136531191e-01
8.310991957104557626e-02
8.310991957104557626e-02
1.249999999999999722e-01
9.734513274336284439e-02
4.182509505703422420e-02
3.292894280762565656e-02
1.055900621118012611e-01
1.055900621118012611e-01
6.122448979591837287e-02
8.310991957104557626e-02
1.055900621118012611e-01
2.114803625377643589e-02
1.147540983606557125e-01
9.734513274336284439e-02
1.914580265095729150e-02
1.645569620253165000e-01
1.055900621118012611e-01
6.122448979591837287e-02
4.518664047151277341e-02
6.122448979591837287e-02
8.988764044943821363e-02
7.125307125307123179e-02
2.325581395348837177e-02
1.055900621118012611e-01
8.310991957104557626e-02
1.365313653136531191e-01
7.125307125307123179e-02
1.055900621118012611e-01
4.182509505703422420e-02
9.734513274336284439e-02
4.518664047151277341e-02
1.365313653136531191e-01
1.496062992125984370e-01
1.249999999999999722e-01
4.518664047151277341e-02
4.182509505703422420e-02
8.310991957104557626e-02
7.125307125307123179e-02
2.547770700636942803e-02
1.055900621118012611e-01
8.310991957104557626e-02
1.645569620253165000e-01
1.055900621118012611e-01
3.867403314917126911e-02
1.496062992125984370e-01
2.325581395348837177e-02
3.030303030303029693e-02
4.878048780487804353e-02
8.988764044943821363e-02
2.782324058919804013e-02
1.496062992125984370e-01
3.030303030303029693e-02
5.676855895196506602e-02
1.055900621118012611e-01
5.263157894736841813e-02
9.734513274336284439e-02
1.496062992125984370e-01
8.988764044943821363e-02
7.692307692307691347e-02
1.365313653136531191e-01
7.125307125307123179e-02
5.676855895196506602e-02
2.114803625377643589e-02
1.249999999999999722e-01
8.988764044943821363e-02
8.988764044943821363e-02
4.182509505703422420e-02
1.645569620253165000e-01
2.894736842105262720e-01
1.369863013698630408e-02
2.258064516129031640e-01
2.547770700636942803e-02
1.496062992125984370e-01
1.055900621118012611e-01
8.310991957104557626e-02
3.030303030303029693e-02
2.325581395348837177e-02
9.734513274336284439e-02
1.147540983606557125e-01
1.249999999999999722e-01
6.122448979591837287e-02
7.692307692307691347e-02
7.692307692307691347e-02
1.496062992125984370e-01
1.055900621118012611e-01
2.782324058919804013e-02
2.019704433497536422e-01
1.645569620253165000e-01
8.988764044943821363e-02
3.030303030303029693e-02
5.676855895196506602e-02
3.571428571428571924e-02
1.365313653136531191e-01
8.310991957104557626e-02
9.734513274336284439e-02
8.988764044943821363e-02
1.055900621118012611e-01
1.645569620253165000e-01
5.263157894736841813e-02
2.325581395348837177e-02
1.249999999999999722e-01
1.147540983606557125e-01
2.114803625377643589e-02
1.365313653136531191e-01
3.867403314917126911e-02
2.019704433497536422e-01
3.571428571428571924e-02
2.547770700636942803e-02
1.249999999999999722e-01
5.263157894736841813e-02
1.147540983606557125e-01
1.249999999999999722e-01
5.263157894736841813e-02
5.263157894736841813e-02
7.125307125307123179e-02
8.310991957104557626e-02
5.676855895196506602e-02
1.249999999999999722e-01
2.547770700636942803e-02
4.878048780487804353e-02
2.782324058919804013e-02
1.055900621118012611e-01
1.249999999999999722e-01
3.292894280762565656e-02
4.878048780487804353e-02
4.518664047151277341e-02
1.147540983606557125e-01
9.734513274336284439e-02
1.818181818181818787e-01
2.894736842105262720e-01
8.310991957104557626e-02
1.055900621118012611e-01
7.692307692307691347e-02
8.988764044943821363e-02
7.692307692307691347e-02
8.310991957104557626e-02
5.676855895196506602e-02
7.692307692307691347e-02
7.125307125307123179e-02
1.818181818181818787e-01
3.571428571428571924e-02
7.125307125307123179e-02
7.125307125307123179e-02
2.544378698224851743e-01
8.988764044943821363e-02
1.496062992125984370e-01
1.365313653136531191e-01
6.603773584905661687e-02
7.692307692307691347e-02
1.496062992125984370e-01
5.263157894736841813e-02
5.676855895196506602e-02
9.734513274336284439e-02
8.988764044943821363e-02
1.496062992125984370e-01
7.692307692307691347e-02
3.292894280762565656e-02
9.734513274336284439e-02
1.055900621118012611e-01
1.645569620253165000e-01
8.988764044943821363e-02
4.182509505703422420e-02
1.818181818181818787e-01
1.496062992125984370e-01
2.547770700636942803e-02
8.988764044943821363e-02
2.894736842105262720e-01
4.518664047151277341e-02
7.692307692307691347e-02
1.249999999999999722e-01
2.547770700636942803e-02
1.496062992125984370e-01
1.147540983606557125e-01
2.782324058919804013e-02
1.249999999999999722e-01
1.249999999999999722e-01
7.692307692307691347e-02
5.676855895196506602e-02
2.782324058919804013e-02
2.019704433497536422e-01
9.734513274336284439e-02
7.692307692307691347e-02
3.571428571428571924e-02
1.055900621118012611e-01
1.055900621118012611e-01
1.055900621118012611e-01
8.310991957104557626e-02
6.603773584905661687e-02
1.055900621118012611e-01
1.249999999999999722e-01
7.692307692307691347e-02
5.676855895196506602e-02
1.147540983606557125e-01
2.114803625377643589e-02
1.496062992125984370e-01
8.310991957104557626e-02
5.676855895196506602e-02
1.365313653136531191e-01
1.645569620253165000e-01
1.055900621118012611e-01
8.310991957104557626e-02
5.676855895196506602e-02
8.988764044943821363e-02
2.019704433497536422e-01
1.249999999999999722e-01
1.055900621118012611e-01
7.125307125307123179e-02
2.019704433497536422e-01
6.603773584905661687e-02
9.734513274336284439e-02
5.263157894736841813e-02
7.692307692307691347e-02
8.310991957104557626e-02
4.518664047151277341e-02
3.292894280762565656e-02
5.263157894736841813e-02
6.122448979591837287e-02
8.310991957104557626e-02
8.310991957104557626e-02
1.365313653136531191e-01
9.734513274336284439e-02
2.258064516129031640e-01
1.818181818181818787e-01
1.365313653136531191e-01
1.645569620253165000e-01
1.645569620253165000e-01
1.055900621118012611e-01
1.724137931034482735e-02
6.122448979591837287e-02
4.182509505703422420e-02
1.645569620253165000e-01
8.310991957104557626e-02
1.055900621118012611e-01
1.055900621118012611e-01
1.818181818181818787e-01
1.147540983606557125e-01
5.263157894736841813e-02
1.147540983606557125e-01
9.734513274336284439e-02
2.019704433497536422e-01
8.310991957104557626e-02
1.249999999999999722e-01
2.258064516129031640e-01
9.734513274336284439e-02
6.603773584905661687e-02
1.496062992125984370e-01
5.676855895196506602e-02
8.988764044943821363e-02
7.692307692307691347e-02
3.030303030303029693e-02
1.365313653136531191e-01
1.365313653136531191e-01
7.125307125307123179e-02
2.019704433497536422e-01
4.518664047151277341e-02
1.249999999999999722e-01
5.676855895196506602e-02
3.571428571428571924e-02
1.496062992125984370e-01
2.325581395348837177e-02
6.122448979591837287e-02
4.878048780487804353e-02
8.988764044943821363e-02
2.894736842105262720e-01
6.122448979591837287e-02
1.645569620253165000e-01
3.571428571428571924e-02
8.988764044943821363e-02
5.676855895196506602e-02
1.496062992125984370e-01
1.365313653136531191e-01
9.734513274336284439e-02
5.676855895196506602e-02
1.645569620253165000e-01
1.818181818181818787e-01
1.147540983606557125e-01
3.867403314917126911e-02
1.147540983606557125e-01
5.676855895196506602e-02
1.645569620253165000e-01
1.365313653136531191e-01
9.734513274336284439e-02
1.249999999999999722e-01
7.125307125307123179e-02
5.263157894736841813e-02
2.782324058919804013e-02
1.645569620253165000e-01
3.571428571428571924e-02
3.571428571428571924e-02
1.365313653136531191e-01
7.125307125307123179e-02
1.055900621118012611e-01
8.310991957104557626e-02
7.692307692307691347e-02
6.122448979591837287e-02
8.310991957104557626e-02
6.603773584905661687e-02
5.263157894736841813e-02
2.547770700636942803e-02
1.147540983606557125e-01
4.653465346534649272e-01
6.603773584905661687e-02
8.988764044943821363e-02
7.692307692307691347e-02
8.988764044943821363e-02
7.125307125307123179e-02
1.147540983606557125e-01
1.147540983606557125e-01
3.867403314917126911e-02
7.125307125307123179e-02
9.734513274336284439e-02
1.645569620253165000e-01
2.325581395348837177e-02
5.676855895196506602e-02
6.122448979591837287e-02
9.734513274336284439e-02
9.734513274336284439e-02
3.571428571428571924e-02
4.518664047151277341e-02
1.249999999999999722e-01
2.782324058919804013e-02
4.518664047151277341e-02
9.734513274336284439e-02
1.365313653136531191e-01
9.734513274336284439e-02
1.818181818181818787e-01
6.603773584905661687e-02
1.645569620253165000e-01
4.878048780487804353e-02
7.692307692307691347e-02
8.988764044943821363e-02
1.645569620253165000e-01
9.734513274336284439e-02
4.182509505703422420e-02
8.310991957104557626e-02
1.496062992125984370e-01
1.249999999999999722e-01
2.782324058919804013e-02
2.019704433497536422e-01
1.249999999999999722e-01
1.249999999999999722e-01
2.325581395348837177e-02
5.676855895196506602e-02
2.019704433497536422e-01
1.249999999999999722e-01
3.571428571428571924e-02
7.692307692307691347e-02
2.325581395348837177e-02
7.692307692307691347e-02
1.249999999999999722e-01
6.603773584905661687e-02
1.147540983606557125e-01
6.122448979591837287e-02
8.988764044943821363e-02
1.147540983606557125e-01
7.125307125307123179e-02
3.571428571428571924e-02
1.724137931034482735e-02
7.692307692307691347e-02
1.365313653136531191e-01
8.988764044943821363e-02
7.692307692307691347e-02
8.988764044943821363e-02
1.724137931034482735e-02
8.310991957104557626e-02
1.496062992125984370e-01
6.122448979591837287e-02
1.147540983606557125e-01
6.603773584905661687e-02
1.496062992125984370e-01
9.734513274336284439e-02
4.878048780487804353e-02
1.147540983606557125e-01
9.734513274336284439e-02
8.310991957104557626e-02
2.325581395348837177e-02
1.365313653136531191e-01
1.249999999999999722e-01
7.692307692307691347e-02
2.894736842105262720e-01
2.547770700636942803e-02
1.365313653136531191e-01
6.603773584905661687e-02
2.547770700636942803e-02
1.147540983606557125e-01
8.988764044943821363e-02
7.692307692307691347e-02
1.249999999999999722e-01
1.055900621118012611e-01
3.030303030303029693e-02
1.249999999999999722e-01
8.988764044943821363e-02
8.988764044943821363e-02
1.055900621118012611e-01
1.147540983606557125e-01
6.603773584905661687e-02
1.249999999999999722e-01
8.310991957104557626e-02
1.249999999999999722e-01
7.692307692307691347e-02
2.547770700636942803e-02
5.263157894736841813e-02
1.147540983606557125e-01
4.518664047151277341e-02
8.310991957104557626e-02
1.365313653136531191e-01
1.365313653136531191e-01
4.878048780487804353e-02
1.147540983606557125e-01
1.147540983606557125e-01
4.518664047151277341e-02
6.122448979591837287e-02
2.325581395348837177e-02
1.147540983606557125e-01
1.055900621118012611e-01
8.310991957104557626e-02
1.249999999999999722e-01
1.496062992125984370e-01
1.496062992125984370e-01
1.249999999999999722e-01
3.571428571428571924e-02
5.263157894736841813e-02
1.496062992125984370e-01
1.496062992125984370e-01
2.325581395348837177e-02
1.496062992125984370e-01
2.325581395348837177e-02
1.496062992125984370e-01
1.818181818181818787e-01
8.988764044943821363e-02
4.878048780487804353e-02
1.818181818181818787e-01
9.734513274336284439e-02
1.496062992125984370e-01
4.878048780487804353e-02
7.692307692307691347e-02
7.692307692307691347e-02
1.496062992125984370e-01
1.365313653136531191e-01
1.249999999999999722e-01
1.055900621118012611e-01
1.724137931034482735e-02
7.692307692307691347e-02
8.310991957104557626e-02
4.182509505703422420e-02
1.147540983606557125e-01
4.878048780487804353e-02
2.782324058919804013e-02
5.263157894736841813e-02
8.310991957104557626e-02
1.147540983606557125e-01
5.263157894736841813e-02
2.547770700636942803e-02
1.818181818181818787e-01
8.310991957104557626e-02
1.147540983606557125e-01
1.496062992125984370e-01
1.365313653136531191e-01
1.249999999999999722e-01
2.782324058919804013e-02
8.310991957104557626e-02
4.878048780487804353e-02
8.988764044943821363e-02
2.114803625377643589e-02
3.030303030303029693e-02
1.914580265095729150e-02
4.182509505703422420e-02
1.365313653136531191e-01
1.496062992125984370e-01
2.019704433497536422e-01
2.547770700636942803e-02
8.988764044943821363e-02
1.914580265095729150e-02
1.496062992125984370e-01
6.122448979591837287e-02
6.603773584905661687e-02
1.914580265095729150e-02
7.692307692307691347e-02
5.676855895196506602e-02
6.122448979591837287e-02
1.147540983606557125e-01
4.878048780487804353e-02
1.249999999999999722e-01
8.310991957104557626e-02
6.603773584905661687e-02
4.518664047151277341e-02
8.988764044943821363e-02
9.734513274336284439e-02
3.571428571428571924e-02
3.333333333333333703e-01
1.055900621118012611e-01
1.496062992125984370e-01
8.988764044943821363e-02
1.369863013698630408e-02
3.571428571428571924e-02
3.333333333333333703e-01
4.182509505703422420e-02
5.263157894736841813e-02
1.055900621118012611e-01
4.182509505703422420e-02
2.544378698224851743e-01
2.258064516129031640e-01
6.603773584905661687e-02
2.547770700636942803e-02
1.496062992125984370e-01
4.518664047151277341e-02
2.894736842105262720e-01
8.988764044943821363e-02
3.292894280762565656e-02
3.571428571428571924e-02
5.676855895196506602e-02
1.147540983606557125e-01
1.055900621118012611e-01
9.734513274336284439e-02
7.692307692307691347e-02
3.571428571428571924e-02
1.249999999999999722e-01
1.365313653136531191e-01
1.496062992125984370e-01
7.692307692307691347e-02
8.988764044943821363e-02
3.030303030303029693e-02
1.249999999999999722e-01
1.496062992125984370e-01
1.147540983606557125e-01
9.734513274336284439e-02
2.547770700636942803e-02
1.645569620253165000e-01
2.114803625377643589e-02
1.147540983606557125e-01
2.547770700636942803e-02
2.114803625377643589e-02
1.496062992125984370e-01
1.496062992125984370e-01
8.988764044943821363e-02
1.147540983606557125e-01
2.114803625377643589e-02
5.676855895196506602e-02
1.147540983606557125e-01
2.019704433497536422e-01
9.734513274336284439e-02
1.147540983606557125e-01
3.292894280762565656e-02
9.734513274336284439e-02
3.571428571428571924e-02
1.365313653136531191e-01
8.310991957104557626e-02
4.518664047151277341e-02
5.676855895196506602e-02
7.125307125307123179e-02
