2.767857142857140795e-01
7.056798623063684217e-02
1.603498542274051919e-01
1.008249312557286947e-02
1.986301369863013311e-01
8.771929824561405797e-02
6.012658227848100001e-02
1.117318435754190153e-02
1.405835543766578433e-01
7.446808510638297518e-02
7.861060329067641461e-02
8.771929824561405797e-02
3.757225433526009684e-01
5.405405405405405012e-02
9.025270758122743570e-03
2.280130293159609092e-02
7.861060329067641461e-02
1.038961038961039030e-01
5.701078582434514208e-02
1.229895931882686762e-02
1.168224299065420413e-01
1.851851851851852096e-02
1.101123595505617975e-01
1.038961038961039030e-01
1.038961038961039030e-01
9.274193548387098252e-02
9.274193548387098252e-02
7.446808510638297518e-02
5.405405405405405012e-02
1.101123595505617975e-01
1.038961038961039030e-01
9.274193548387098252e-02
7.056798623063684217e-02
5.124450951683748312e-02
9.025270758122743570e-03
6.688963210702342232e-02
4.359673024523161300e-02
7.446808510638297518e-02
7.446808510638297518e-02
9.274193548387098252e-02
5.701078582434514208e-02
6.688963210702342232e-02
1.038961038961039030e-01
8.301886792452828345e-02
6.688963210702342232e-02
5.701078582434514208e-02
5.124450951683748312e-02
4.857142857142856401e-02
1.717791411042943750e-01
4.857142857142856401e-02
8.771929824561405797e-02
7.056798623063684217e-02
9.812108559498958216e-02
7.446808510638297518e-02
1.499999999999999667e-01
1.844660194174757017e-01
4.359673024523161300e-02
1.168224299065420413e-01
1.101123595505617975e-01
9.025270758122743570e-03
1.008249312557286947e-02
7.446808510638297518e-02
8.301886792452828345e-02
1.168224299065420413e-01
5.701078582434514208e-02
4.359673024523161300e-02
9.274193548387098252e-02
1.717791411042943750e-01
7.446808510638297518e-02
7.446808510638297518e-02
1.603498542274051919e-01
6.341463414634147810e-02
4.359673024523161300e-02
9.812108559498958216e-02
1.008249312557286947e-02
2.145454545454544559e-01
7.056798623063684217e-02
7.861060329067641461e-02
8.771929824561405797e-02
1.717791411042943750e-01
1.229895931882686762e-02
3.110047846889952075e-02
2.325581395348836067e-01
9.812108559498958216e-02
9.274193548387098252e-02
6.688963210702342232e-02
5.124450951683748312e-02
5.405405405405405012e-02
8.771929824561405797e-02
6.341463414634147810e-02
9.274193548387098252e-02
8.000000000000000167e-03
6.341463414634147810e-02
1.499999999999999667e-01
1.405835543766578433e-01
1.168224299065420413e-01
9.274193548387098252e-02
1.101123595505617975e-01
9.274193548387098252e-02
5.124450951683748312e-02
1.319796954314720883e-01
3.043478260869564855e-01
7.446808510638297518e-02
7.056798623063684217e-02
5.701078582434514208e-02
6.012658227848100001e-02
4.127829560585884877e-02
5.701078582434514208e-02
1.101123595505617975e-01
8.301886792452828345e-02
7.056798623063684217e-02
1.101123595505617975e-01
1.240875912408759413e-01
2.593010146561443643e-02
7.861060329067641461e-02
7.861060329067641461e-02
1.240875912408759413e-01
1.844660194174757017e-01
8.301886792452828345e-02
4.359673024523161300e-02
8.771929824561405797e-02
1.240875912408759413e-01
9.274193548387098252e-02
1.038961038961039030e-01
1.101123595505617975e-01
5.124450951683748312e-02
7.056798623063684217e-02
1.168224299065420413e-01
6.012658227848100001e-02
6.688963210702342232e-02
6.012658227848100001e-02
6.688963210702342232e-02
7.861060329067641461e-02
6.012658227848100001e-02
1.101123595505617975e-01
8.301886792452828345e-02
6.688963210702342232e-02
6.341463414634147810e-02
4.359673024523161300e-02
9.812108559498958216e-02
7.861060329067641461e-02
1.844660194174757017e-01
7.056798623063684217e-02
3.906249999999999306e-02
1.405835543766578433e-01
5.405405405405405012e-02
7.861060329067641461e-02
7.056798623063684217e-02
1.319796954314720883e-01
6.341463414634147810e-02
4.127829560585884877e-02
7.861060329067641461e-02
7.446808510638297518e-02
6.688963210702342232e-02
9.274193548387098252e-02
5.701078582434514208e-02
8.771929824561405797e-02
8.771929824561405797e-02
1.319796954314720883e-01
1.101123595505617975e-01
1.168224299065420413e-01
1.319796954314720883e-01
1.038961038961039030e-01
9.274193548387098252e-02
2.531120331950205693e-01
6.012658227848100001e-02
3.110047846889952075e-02
1.038961038961039030e-01
7.446808510638297518e-02
8.771929824561405797e-02
7.861060329067641461e-02
5.124450951683748312e-02
6.012658227848100001e-02
4.602510460251044849e-02
6.688963210702342232e-02
3.491271820448877544e-02
2.531120331950205693e-01
7.446808510638297518e-02
1.717791411042943750e-01
9.812108559498958216e-02
2.325581395348836067e-01
1.405835543766578433e-01
7.446808510638297518e-02
9.812108559498958216e-02
8.771929824561405797e-02
1.240875912408759413e-01
7.861060329067641461e-02
7.861060329067641461e-02
7.446808510638297518e-02
1.405835543766578433e-01
1.101123595505617975e-01
1.319796954314720883e-01
8.771929824561405797e-02
9.812108559498958216e-02
8.301886792452828345e-02
8.771929824561405797e-02
2.280130293159609092e-02
3.906249999999999306e-02
1.101123595505617975e-01
8.771929824561405797e-02
1.117318435754190153e-02
1.168224299065420413e-01
5.124450951683748312e-02
1.240875912408759413e-01
4.127829560585884877e-02
1.168224299065420413e-01
1.101123595505617975e-01
1.038961038961039030e-01
1.168224299065420413e-01
1.718907987866531706e-02
4.127829560585884877e-02
1.038961038961039030e-01
1.101123595505617975e-01
9.812108559498958216e-02
1.168224299065420413e-01
8.771929824561405797e-02
1.101123595505617975e-01
9.274193548387098252e-02
9.812108559498958216e-02
1.319796954314720883e-01
2.531120331950205693e-01
1.101123595505617975e-01
9.812108559498958216e-02
4.127829560585884877e-02
7.446808510638297518e-02
7.861060329067641461e-02
3.491271820448877544e-02
6.688963210702342232e-02
1.038961038961039030e-01
8.771929824561405797e-02
4.127829560585884877e-02
7.446808510638297518e-02
4.857142857142856401e-02
4.602510460251044849e-02
9.025270758122743570e-03
2.531120331950205693e-01
4.857142857142856401e-02
5.124450951683748312e-02
9.274193548387098252e-02
1.168224299065420413e-01
5.124450951683748312e-02
1.319796954314720883e-01
9.812108559498958216e-02
1.168224299065420413e-01
2.132196162046908622e-02
1.008249312557286947e-02
3.757225433526009684e-01
1.008249312557286947e-02
3.368421052631577761e-01
1.038961038961039030e-01
7.056798623063684217e-02
4.602510460251044849e-02
7.861060329067641461e-02
8.301886792452828345e-02
1.319796954314720883e-01
7.056798623063684217e-02
3.694267515923566753e-02
1.240875912408759413e-01
3.906249999999999306e-02
7.861060329067641461e-02
5.701078582434514208e-02
1.717791411042943750e-01
7.446808510638297518e-02
1.038961038961039030e-01
4.820143884892081898e-01
1.499999999999999667e-01
4.857142857142856401e-02
1.240875912408759413e-01
1.008249312557286947e-02
9.812108559498958216e-02
1.986301369863013311e-01
9.274193548387098252e-02
5.573770491803271554e-01
7.446808510638297518e-02
9.274193548387098252e-02
7.861060329067641461e-02
3.694267515923566753e-02
9.274193548387098252e-02
4.602510460251044849e-02
5.124450951683748312e-02
1.405835543766578433e-01
7.056798623063684217e-02
7.446808510638297518e-02
8.771929824561405797e-02
1.101123595505617975e-01
2.531120331950205693e-01
1.240875912408759413e-01
4.127829560585884877e-02
9.274193548387098252e-02
2.280130293159609092e-02
8.301886792452828345e-02
9.812108559498958216e-02
8.301886792452828345e-02
1.986301369863013311e-01
7.056798623063684217e-02
8.771929824561405797e-02
1.101123595505617975e-01
7.056798623063684217e-02
4.857142857142856401e-02
2.531120331950205693e-01
3.694267515923566753e-02
3.368421052631577761e-01
5.124450951683748312e-02
8.301886792452828345e-02
1.603498542274051919e-01
5.701078582434514208e-02
2.280130293159609092e-02
1.038961038961039030e-01
1.101123595505617975e-01
3.491271820448877544e-02
7.056798623063684217e-02
4.127829560585884877e-02
1.101123595505617975e-01
2.280130293159609092e-02
1.038961038961039030e-01
4.359673024523161300e-02
6.341463414634147810e-02
1.240875912408759413e-01
1.240875912408759413e-01
1.101123595505617975e-01
3.043478260869564855e-01
2.145454545454544559e-01
8.771929824561405797e-02
8.301886792452828345e-02
8.301886792452828345e-02
7.056798623063684217e-02
9.812108559498958216e-02
7.446808510638297518e-02
1.405835543766578433e-01
7.861060329067641461e-02
8.301886792452828345e-02
7.861060329067641461e-02
8.771929824561405797e-02
5.701078582434514208e-02
1.844660194174757017e-01
5.405405405405405012e-02
9.025270758122743570e-03
8.301886792452828345e-02
6.688963210702342232e-02
6.012658227848100001e-02
9.812108559498958216e-02
1.038961038961039030e-01
1.405835543766578433e-01
3.694267515923566753e-02
9.812108559498958216e-02
6.012658227848100001e-02
5.124450951683748312e-02
7.446808510638297518e-02
1.603498542274051919e-01
5.701078582434514208e-02
5.124450951683748312e-02
8.301886792452828345e-02
1.168224299065420413e-01
1.038961038961039030e-01
1.319796954314720883e-01
1.038961038961039030e-01
6.341463414634147810e-02
9.274193548387098252e-02
4.857142857142856401e-02
1.319796954314720883e-01
8.771929824561405797e-02
1.844660194174757017e-01
9.274193548387098252e-02
7.446808510638297518e-02
3.694267515923566753e-02
1.603498542274051919e-01
1.038961038961039030e-01
1.168224299065420413e-01
7.446808510638297518e-02
2.145454545454544559e-01
6.012658227848100001e-02
4.127829560585884877e-02
8.771929824561405797e-02
7.861060329067641461e-02
7.446808510638297518e-02
9.812108559498958216e-02
6.688963210702342232e-02
1.101123595505617975e-01
6.341463414634147810e-02
1.240875912408759413e-01
9.274193548387098252e-02
7.446808510638297518e-02
5.124450951683748312e-02
3.110047846889952075e-02
6.688963210702342232e-02
1.038961038961039030e-01
9.274193548387098252e-02
8.771929824561405797e-02
3.906249999999999306e-02
1.844660194174757017e-01
3.694267515923566753e-02
8.771929824561405797e-02
8.301886792452828345e-02
8.771929824561405797e-02
7.861060329067641461e-02
1.168224299065420413e-01
1.717791411042943750e-01
4.127829560585884877e-02
6.688963210702342232e-02
1.168224299065420413e-01
9.274193548387098252e-02
4.359673024523161300e-02
1.844660194174757017e-01
1.240875912408759413e-01
1.168224299065420413e-01
9.812108559498958216e-02
6.341463414634147810e-02
1.240875912408759413e-01
1.603498542274051919e-01
1.603498542274051919e-01
1.986301369863013311e-01
3.110047846889952075e-02
9.812108559498958216e-02
7.861060329067641461e-02
3.368421052631577761e-01
5.701078582434514208e-02
5.405405405405405012e-02
6.688963210702342232e-02
6.341463414634147810e-02
7.861060329067641461e-02
7.446808510638297518e-02
9.812108559498958216e-02
7.861060329067641461e-02
1.038961038961039030e-01
6.341463414634147810e-02
7.056798623063684217e-02
1.101123595505617975e-01
1.319796954314720883e-01
7.446808510638297518e-02
1.101123595505617975e-01
6.341463414634147810e-02
2.145454545454544559e-01
7.446808510638297518e-02
1.851851851851852096e-02
1.038961038961039030e-01
4.602510460251044849e-02
8.301886792452828345e-02
1.499999999999999667e-01
6.341463414634147810e-02
9.274193548387098252e-02
9.025270758122743570e-03
1.038961038961039030e-01
1.851851851851852096e-02
9.812108559498958216e-02
6.012658227848100001e-02
1.989528795811517856e-02
1.240875912408759413e-01
3.296703296703296787e-02
4.127829560585884877e-02
9.274193548387098252e-02
9.025270758122743570e-03
1.319796954314720883e-01
1.101123595505617975e-01
8.000000000000000167e-03
8.301886792452828345e-02
9.274193548387098252e-02
1.101123595505617975e-01
5.701078582434514208e-02
6.012658227848100001e-02
1.499999999999999667e-01
9.812108559498958216e-02
1.101123595505617975e-01
1.038961038961039030e-01
4.602510460251044849e-02
1.603498542274051919e-01
3.491271820448877544e-02
2.280130293159609092e-02
1.319796954314720883e-01
1.168224299065420413e-01
9.812108559498958216e-02
1.168224299065420413e-01
1.038961038961039030e-01
9.812108559498958216e-02
8.301886792452828345e-02
6.012658227848100001e-02
1.038961038961039030e-01
1.844660194174757017e-01
6.341463414634147810e-02
1.038961038961039030e-01
9.274193548387098252e-02
1.986301369863013311e-01
2.433628318584070763e-02
5.405405405405405012e-02
1.101123595505617975e-01
9.025270758122743570e-03
8.771929824561405797e-02
2.280130293159609092e-02
4.127829560585884877e-02
2.132196162046908622e-02
8.301886792452828345e-02
7.861060329067641461e-02
1.718907987866531706e-02
5.124450951683748312e-02
1.168224299065420413e-01
7.056798623063684217e-02
7.056798623063684217e-02
9.025270758122743570e-03
1.168224299065420413e-01
5.701078582434514208e-02
1.101123595505617975e-01
7.446808510638297518e-02
9.812108559498958216e-02
2.758620689655172376e-02
2.767857142857140795e-01
7.056798623063684217e-02
5.701078582434514208e-02
1.319796954314720883e-01
1.038961038961039030e-01
1.319796954314720883e-01
1.101123595505617975e-01
5.124450951683748312e-02
3.043478260869564855e-01
1.603498542274051919e-01
5.124450951683748312e-02
8.301886792452828345e-02
8.301886792452828345e-02
8.771929824561405797e-02
1.405835543766578433e-01
2.132196162046908622e-02
4.820143884892081898e-01
7.056798623063684217e-02
9.274193548387098252e-02
8.301886792452828345e-02
1.168224299065420413e-01
8.301886792452828345e-02
6.012658227848100001e-02
1.101123595505617975e-01
9.274193548387098252e-02
1.101123595505617975e-01
9.812108559498958216e-02
2.132196162046908622e-02
7.861060329067641461e-02
2.767857142857140795e-01
8.301886792452828345e-02
6.341463414634147810e-02
1.168224299065420413e-01
7.446808510638297518e-02
1.405835543766578433e-01
9.812108559498958216e-02
4.359673024523161300e-02
6.012658227848100001e-02
2.758620689655172376e-02
8.771929824561405797e-02
7.861060329067641461e-02
4.602510460251044849e-02
1.038961038961039030e-01
1.038961038961039030e-01
8.301886792452828345e-02
1.499999999999999667e-01
4.359673024523161300e-02
2.325581395348836067e-01
3.906249999999999306e-02
7.056798623063684217e-02
3.296703296703296787e-02
1.319796954314720883e-01
1.101123595505617975e-01
8.771929824561405797e-02
7.446808510638297518e-02
9.812108559498958216e-02
4.602510460251044849e-02
9.274193548387098252e-02
6.012658227848100001e-02
9.812108559498958216e-02
2.593010146561443643e-02
7.861060329067641461e-02
7.861060329067641461e-02
2.593010146561443643e-02
6.688963210702342232e-02
6.688963210702342232e-02
1.240875912408759413e-01
1.101123595505617975e-01
1.008249312557286947e-02
6.688963210702342232e-02
7.861060329067641461e-02
1.168224299065420413e-01
7.446808510638297518e-02
6.688963210702342232e-02
9.812108559498958216e-02
9.274193548387098252e-02
1.319796954314720883e-01
8.301886792452828345e-02
3.694267515923566753e-02
1.008249312557286947e-02
7.446808510638297518e-02
8.301886792452828345e-02
8.301886792452828345e-02
1.168224299065420413e-01
1.844660194174757017e-01
1.240875912408759413e-01
8.771929824561405797e-02
9.812108559498958216e-02
2.145454545454544559e-01
1.405835543766578433e-01
8.771929824561405797e-02
8.301886792452828345e-02
7.861060329067641461e-02
9.274193548387098252e-02
7.861060329067641461e-02
9.274193548387098252e-02
3.110047846889952075e-02
1.405835543766578433e-01
8.771929824561405797e-02
6.688963210702342232e-02
6.341463414634147810e-02
4.359673024523161300e-02
8.301886792452828345e-02
8.771929824561405797e-02
6.012658227848100001e-02
2.280130293159609092e-02
1.319796954314720883e-01
4.127829560585884877e-02
1.240875912408759413e-01
9.274193548387098252e-02
1.466275659824046833e-02
5.124450951683748312e-02
3.110047846889952075e-02
1.038961038961039030e-01
1.319796954314720883e-01
4.820143884892081898e-01
5.405405405405405012e-02
2.930832356389214896e-02
6.341463414634147810e-02
4.359673024523161300e-02
1.405835543766578433e-01
4.857142857142856401e-02
1.008249312557286947e-02
9.274193548387098252e-02
4.127829560585884877e-02
5.701078582434514208e-02
9.274193548387098252e-02
7.861060329067641461e-02
3.694267515923566753e-02
2.593010146561443643e-02
9.274193548387098252e-02
5.405405405405405012e-02
1.603498542274051919e-01
6.341463414634147810e-02
9.812108559498958216e-02
1.240875912408759413e-01
1.101123595505617975e-01
4.857142857142856401e-02
1.038961038961039030e-01
6.341463414634147810e-02
1.603498542274051919e-01
7.056798623063684217e-02
8.301886792452828345e-02
1.240875912408759413e-01
5.124450951683748312e-02
1.240875912408759413e-01
1.319796954314720883e-01
1.319796954314720883e-01
8.301886792452828345e-02
6.688963210702342232e-02
8.301886792452828345e-02
7.861060329067641461e-02
7.056798623063684217e-02
1.101123595505617975e-01
1.405835543766578433e-01
7.056798623063684217e-02
1.101123595505617975e-01
1.038961038961039030e-01
7.861060329067641461e-02
9.274193548387098252e-02
4.857142857142856401e-02
1.101123595505617975e-01
1.038961038961039030e-01
1.101123595505617975e-01
3.694267515923566753e-02
7.446808510638297518e-02
1.101123595505617975e-01
4.602510460251044849e-02
1.038961038961039030e-01
9.274193548387098252e-02
7.446808510638297518e-02
1.319796954314720883e-01
1.038961038961039030e-01
7.056798623063684217e-02
2.930832356389214896e-02
1.240875912408759413e-01
3.043478260869564855e-01
2.767857142857140795e-01
4.602510460251044849e-02
8.771929824561405797e-02
6.688963210702342232e-02
1.168224299065420413e-01
4.359673024523161300e-02
3.906249999999999306e-02
6.688963210702342232e-02
1.319796954314720883e-01
5.405405405405405012e-02
4.127829560585884877e-02
7.446808510638297518e-02
8.771929824561405797e-02
1.405835543766578433e-01
1.117318435754190153e-02
7.861060329067641461e-02
1.038961038961039030e-01
7.446808510638297518e-02
4.359673024523161300e-02
6.341463414634147810e-02
1.101123595505617975e-01
1.240875912408759413e-01
8.771929824561405797e-02
9.812108559498958216e-02
1.168224299065420413e-01
1.038961038961039030e-01
7.056798623063684217e-02
3.906249999999999306e-02
1.038961038961039030e-01
1.168224299065420413e-01
1.405835543766578433e-01
7.056798623063684217e-02
9.274193548387098252e-02
1.038961038961039030e-01
1.319796954314720883e-01
7.446808510638297518e-02
9.025270758122743570e-03
9.274193548387098252e-02
3.906249999999999306e-02
9.025270758122743570e-03
8.771929824561405797e-02
1.603498542274051919e-01
7.056798623063684217e-02
1.844660194174757017e-01
1.717791411042943750e-01
1.718907987866531706e-02
1.405835543766578433e-01
7.861060329067641461e-02
7.861060329067641461e-02
8.771929824561405797e-02
1.319796954314720883e-01
8.771929824561405797e-02
4.359673024523161300e-02
1.101123595505617975e-01
1.499999999999999667e-01
1.240875912408759413e-01
3.906249999999999306e-02
2.930832356389214896e-02
9.812108559498958216e-02
7.861060329067641461e-02
8.301886792452828345e-02
1.229895931882686762e-02
7.861060329067641461e-02
1.717791411042943750e-01
1.168224299065420413e-01
8.301886792452828345e-02
7.446808510638297518e-02
5.405405405405405012e-02
7.446808510638297518e-02
7.056798623063684217e-02
1.168224299065420413e-01
7.446808510638297518e-02
7.861060329067641461e-02
4.359673024523161300e-02
1.240875912408759413e-01
9.274193548387098252e-02
1.499999999999999667e-01
9.274193548387098252e-02
2.145454545454544559e-01
1.101123595505617975e-01
6.012658227848100001e-02
4.602510460251044849e-02
6.012658227848100001e-02
9.025270758122743570e-03
3.906249999999999306e-02
9.274193548387098252e-02
2.930832356389214896e-02
7.446808510638297518e-02
1.101123595505617975e-01
1.038961038961039030e-01
1.168224299065420413e-01
7.056798623063684217e-02
6.341463414634147810e-02
6.012658227848100001e-02
1.240875912408759413e-01
4.359673024523161300e-02
9.274193548387098252e-02
8.771929824561405797e-02
1.844660194174757017e-01
9.274193548387098252e-02
1.101123595505617975e-01
9.274193548387098252e-02
7.861060329067641461e-02
6.688963210702342232e-02
1.240875912408759413e-01
9.812108559498958216e-02
1.101123595505617975e-01
1.117318435754190153e-02
1.038961038961039030e-01
8.771929824561405797e-02
9.025270758122743570e-03
4.359673024523161300e-02
1.168224299065420413e-01
1.240875912408759413e-01
9.812108559498958216e-02
8.301886792452828345e-02
1.168224299065420413e-01
1.986301369863013311e-01
6.688963210702342232e-02
1.240875912408759413e-01
1.168224299065420413e-01
5.405405405405405012e-02
7.861060329067641461e-02
1.168224299065420413e-01
1.240875912408759413e-01
3.491271820448877544e-02
7.056798623063684217e-02
9.274193548387098252e-02
8.771929824561405797e-02
7.446808510638297518e-02
6.688963210702342232e-02
2.433628318584070763e-02
7.056798623063684217e-02
9.274193548387098252e-02
1.038961038961039030e-01
9.812108559498958216e-02
1.168224299065420413e-01
5.124450951683748312e-02
1.038961038961039030e-01
8.301886792452828345e-02
5.124450951683748312e-02
1.101123595505617975e-01
1.038961038961039030e-01
8.771929824561405797e-02
8.301886792452828345e-02
6.688963210702342232e-02
4.857142857142856401e-02
9.812108559498958216e-02
1.989528795811517856e-02
4.359673024523161300e-02
1.844660194174757017e-01
1.168224299065420413e-01
7.446808510638297518e-02
8.771929824561405797e-02
1.240875912408759413e-01
5.701078582434514208e-02
1.240875912408759413e-01
5.405405405405405012e-02
5.701078582434514208e-02
9.274193548387098252e-02
1.101123595505617975e-01
8.301886792452828345e-02
3.368421052631577761e-01
1.168224299065420413e-01
1.466275659824046833e-02
1.229895931882686762e-02
1.038961038961039030e-01
1.603498542274051919e-01
8.000000000000000167e-03
1.008249312557286947e-02
5.124450951683748312e-02
9.274193548387098252e-02
1.240875912408759413e-01
8.301886792452828345e-02
1.038961038961039030e-01
9.025270758122743570e-03
8.771929824561405797e-02
1.851851851851852096e-02
1.499999999999999667e-01
4.127829560585884877e-02
1.240875912408759413e-01
2.758620689655172376e-02
4.602510460251044849e-02
8.771929824561405797e-02
1.038961038961039030e-01
1.240875912408759413e-01
8.771929824561405797e-02
1.319796954314720883e-01
1.168224299065420413e-01
9.274193548387098252e-02
1.101123595505617975e-01
5.124450951683748312e-02
1.844660194174757017e-01
5.405405405405405012e-02
1.101123595505617975e-01
1.717791411042943750e-01
1.844660194174757017e-01
7.056798623063684217e-02
3.296703296703296787e-02
6.012658227848100001e-02
4.359673024523161300e-02
8.771929824561405797e-02
1.168224299065420413e-01
7.446808510638297518e-02
1.168224299065420413e-01
4.359673024523161300e-02
8.771929824561405797e-02
8.771929824561405797e-02
1.168224299065420413e-01
4.359673024523161300e-02
8.301886792452828345e-02
6.012658227848100001e-02
5.573770491803271554e-01
3.491271820448877544e-02
6.688963210702342232e-02
1.101123595505617975e-01
7.446808510638297518e-02
1.117318435754190153e-02
9.274193548387098252e-02
2.531120331950205693e-01
7.861060329067641461e-02
1.319796954314720883e-01
1.168224299065420413e-01
1.101123595505617975e-01
6.688963210702342232e-02
1.405835543766578433e-01
6.341463414634147810e-02
7.056798623063684217e-02
1.240875912408759413e-01
9.274193548387098252e-02
9.812108559498958216e-02
7.861060329067641461e-02
2.531120331950205693e-01
2.531120331950205693e-01
1.717791411042943750e-01
2.593010146561443643e-02
1.590457256461232441e-02
5.701078582434514208e-02
5.701078582434514208e-02
4.127829560585884877e-02
4.857142857142856401e-02
1.168224299065420413e-01
1.101123595505617975e-01
7.861060329067641461e-02
1.038961038961039030e-01
8.771929824561405797e-02
5.405405405405405012e-02
6.688963210702342232e-02
8.771929824561405797e-02
7.446808510638297518e-02
6.688963210702342232e-02
1.240875912408759413e-01
4.602510460251044849e-02
8.771929824561405797e-02
8.771929824561405797e-02
8.771929824561405797e-02
1.008249312557286947e-02
8.301886792452828345e-02
1.101123595505617975e-01
3.694267515923566753e-02
7.446808510638297518e-02
9.812108559498958216e-02
5.405405405405405012e-02
8.301886792452828345e-02
8.771929824561405797e-02
1.405835543766578433e-01
3.694267515923566753e-02
9.274193548387098252e-02
1.603498542274051919e-01
1.717791411042943750e-01
8.771929824561405797e-02
5.701078582434514208e-02
9.812108559498958216e-02
2.132196162046908622e-02
1.405835543766578433e-01
7.446808510638297518e-02
6.688963210702342232e-02
8.771929824561405797e-02
1.101123595505617975e-01
2.531120331950205693e-01
1.717791411042943750e-01
9.274193548387098252e-02
1.499999999999999667e-01
3.694267515923566753e-02
1.168224299065420413e-01
6.688963210702342232e-02
1.603498542274051919e-01
1.038961038961039030e-01
1.319796954314720883e-01
2.280130293159609092e-02
6.012658227848100001e-02
7.861060329067641461e-02
4.857142857142856401e-02
1.168224299065420413e-01
1.405835543766578433e-01
5.124450951683748312e-02
4.857142857142856401e-02
9.812108559498958216e-02
1.240875912408759413e-01
1.101123595505617975e-01
7.056798623063684217e-02
1.499999999999999667e-01
7.861060329067641461e-02
1.405835543766578433e-01
1.038961038961039030e-01
1.603498542274051919e-01
9.025270758122743570e-03
6.688963210702342232e-02
2.930832356389214896e-02
1.989528795811517856e-02
1.101123595505617975e-01
9.025270758122743570e-03
7.056798623063684217e-02
1.319796954314720883e-01
7.446808510638297518e-02
9.812108559498958216e-02
8.771929824561405797e-02
7.861060329067641461e-02
8.301886792452828345e-02
1.168224299065420413e-01
3.296703296703296787e-02
8.771929824561405797e-02
3.906249999999999306e-02
2.531120331950205693e-01
9.812108559498958216e-02
5.405405405405405012e-02
7.446808510638297518e-02
1.319796954314720883e-01
9.812108559498958216e-02
2.593010146561443643e-02
6.688963210702342232e-02
4.602510460251044849e-02
1.240875912408759413e-01
2.145454545454544559e-01
9.812108559498958216e-02
1.603498542274051919e-01
4.857142857142856401e-02
9.812108559498958216e-02
7.056798623063684217e-02
7.861060329067641461e-02
1.717791411042943750e-01
9.812108559498958216e-02
1.240875912408759413e-01
1.240875912408759413e-01
1.319796954314720883e-01
6.012658227848100001e-02
2.767857142857140795e-01
3.043478260869564855e-01
1.240875912408759413e-01
9.274193548387098252e-02
6.688963210702342232e-02
1.319796954314720883e-01
8.771929824561405797e-02
9.274193548387098252e-02
2.593010146561443643e-02
8.301886792452828345e-02
1.101123595505617975e-01
1.240875912408759413e-01
8.301886792452828345e-02
1.405835543766578433e-01
3.906249999999999306e-02
7.861060329067641461e-02
1.168224299065420413e-01
1.240875912408759413e-01
8.301886792452828345e-02
6.341463414634147810e-02
9.812108559498958216e-02
1.101123595505617975e-01
7.056798623063684217e-02
1.008249312557286947e-02
1.101123595505617975e-01
5.405405405405405012e-02
3.491271820448877544e-02
1.405835543766578433e-01
9.274193548387098252e-02
1.101123595505617975e-01
3.757225433526009684e-01
2.758620689655172376e-02
9.812108559498958216e-02
8.301886792452828345e-02
1.718907987866531706e-02
9.812108559498958216e-02
1.844660194174757017e-01
8.771929824561405797e-02
7.446808510638297518e-02
7.446808510638297518e-02
6.341463414634147810e-02
8.301886792452828345e-02
7.056798623063684217e-02
1.101123595505617975e-01
1.844660194174757017e-01
7.446808510638297518e-02
1.603498542274051919e-01
3.110047846889952075e-02
2.145454545454544559e-01
2.531120331950205693e-01
1.229895931882686762e-02
7.056798623063684217e-02
6.688963210702342232e-02
9.274193548387098252e-02
1.101123595505617975e-01
1.101123595505617975e-01
9.274193548387098252e-02
7.056798623063684217e-02
1.117318435754190153e-02
9.274193548387098252e-02
5.405405405405405012e-02
2.325581395348836067e-01
6.341463414634147810e-02
7.446808510638297518e-02
1.405835543766578433e-01
2.145454545454544559e-01
8.301886792452828345e-02
9.274193548387098252e-02
7.861060329067641461e-02
7.056798623063684217e-02
7.861060329067641461e-02
7.861060329067641461e-02
3.694267515923566753e-02
5.124450951683748312e-02
5.701078582434514208e-02
9.812108559498958216e-02
1.038961038961039030e-01
1.346153846153846229e-02
5.701078582434514208e-02
8.771929824561405797e-02
1.851851851851852096e-02
9.274193548387098252e-02
1.038961038961039030e-01
5.701078582434514208e-02
8.771929824561405797e-02
1.240875912408759413e-01
1.038961038961039030e-01
7.056798623063684217e-02
1.038961038961039030e-01
1.844660194174757017e-01
1.319796954314720883e-01
3.110047846889952075e-02
2.325581395348836067e-01
8.771929824561405797e-02
8.771929824561405797e-02
7.056798623063684217e-02
1.240875912408759413e-01
5.701078582434514208e-02
1.499999999999999667e-01
1.319796954314720883e-01
1.319796954314720883e-01
9.812108559498958216e-02
2.758620689655172376e-02
1.499999999999999667e-01
1.101123595505617975e-01
1.101123595505617975e-01
8.301886792452828345e-02
1.038961038961039030e-01
8.771929824561405797e-02
9.812108559498958216e-02
7.861060329067641461e-02
6.012658227848100001e-02
1.717791411042943750e-01
7.861060329067641461e-02
8.771929824561405797e-02
9.274193548387098252e-02
9.025270758122743570e-03
6.341463414634147810e-02
1.240875912408759413e-01
4.359673024523161300e-02
1.168224299065420413e-01
8.771929824561405797e-02
3.694267515923566753e-02
5.124450951683748312e-02
8.771929824561405797e-02
2.758620689655172376e-02
1.101123595505617975e-01
1.038961038961039030e-01
7.861060329067641461e-02
1.168224299065420413e-01
2.132196162046908622e-02
9.812108559498958216e-02
5.124450951683748312e-02
4.857142857142856401e-02
1.844660194174757017e-01
6.688963210702342232e-02
9.812108559498958216e-02
3.906249999999999306e-02
3.906249999999999306e-02
7.861060329067641461e-02
7.056798623063684217e-02
8.301886792452828345e-02
1.717791411042943750e-01
7.446808510638297518e-02
9.812108559498958216e-02
7.446808510638297518e-02
6.341463414634147810e-02
1.038961038961039030e-01
5.701078582434514208e-02
2.531120331950205693e-01
5.701078582434514208e-02
8.771929824561405797e-02
1.117318435754190153e-02
8.301886792452828345e-02
7.446808510638297518e-02
8.771929824561405797e-02
8.771929824561405797e-02
8.771929824561405797e-02
6.688963210702342232e-02
1.240875912408759413e-01
9.812108559498958216e-02
1.405835543766578433e-01
7.446808510638297518e-02
2.145454545454544559e-01
8.771929824561405797e-02
1.240875912408759413e-01
1.101123595505617975e-01
1.101123595505617975e-01
1.240875912408759413e-01
1.499999999999999667e-01
1.240875912408759413e-01
1.101123595505617975e-01
8.771929824561405797e-02
1.168224299065420413e-01
1.168224299065420413e-01
9.812108559498958216e-02
6.012658227848100001e-02
9.025270758122743570e-03
9.025270758122743570e-03
5.701078582434514208e-02
1.319796954314720883e-01
4.857142857142856401e-02
1.101123595505617975e-01
5.405405405405405012e-02
1.603498542274051919e-01
6.688963210702342232e-02
5.405405405405405012e-02
6.341463414634147810e-02
1.038961038961039030e-01
5.124450951683748312e-02
1.101123595505617975e-01
1.101123595505617975e-01
9.812108559498958216e-02
8.771929824561405797e-02
1.319796954314720883e-01
7.056798623063684217e-02
5.405405405405405012e-02
1.319796954314720883e-01
1.101123595505617975e-01
2.280130293159609092e-02
1.405835543766578433e-01
1.466275659824046833e-02
8.301886792452828345e-02
5.124450951683748312e-02
1.240875912408759413e-01
1.038961038961039030e-01
1.851851851851852096e-02
7.056798623063684217e-02
9.812108559498958216e-02
2.758620689655172376e-02
9.812108559498958216e-02
1.346153846153846229e-02
6.341463414634147810e-02
6.688963210702342232e-02
1.499999999999999667e-01
6.012658227848100001e-02
7.446808510638297518e-02
9.812108559498958216e-02
1.101123595505617975e-01
8.771929824561405797e-02
7.056798623063684217e-02
1.168224299065420413e-01
1.319796954314720883e-01
6.688963210702342232e-02
1.717791411042943750e-01
1.240875912408759413e-01
8.771929824561405797e-02
7.056798623063684217e-02
9.025270758122743570e-03
1.240875912408759413e-01
9.812108559498958216e-02
4.127829560585884877e-02
1.117318435754190153e-02
2.280130293159609092e-02
1.717791411042943750e-01
4.602510460251044849e-02
3.694267515923566753e-02
9.274193548387098252e-02
1.168224299065420413e-01
5.701078582434514208e-02
8.771929824561405797e-02
2.132196162046908622e-02
1.101123595505617975e-01
7.861060329067641461e-02
1.499999999999999667e-01
4.127829560585884877e-02
1.101123595505617975e-01
5.701078582434514208e-02
1.038961038961039030e-01
5.405405405405405012e-02
1.603498542274051919e-01
5.124450951683748312e-02
7.861060329067641461e-02
4.857142857142856401e-02
9.025270758122743570e-03
1.319796954314720883e-01
2.593010146561443643e-02
8.301886792452828345e-02
5.701078582434514208e-02
1.603498542274051919e-01
1.405835543766578433e-01
1.038961038961039030e-01
1.240875912408759413e-01
7.446808510638297518e-02
1.989528795811517856e-02
1.101123595505617975e-01
1.319796954314720883e-01
5.405405405405405012e-02
7.446808510638297518e-02
8.301886792452828345e-02
6.012658227848100001e-02
1.240875912408759413e-01
1.038961038961039030e-01
1.038961038961039030e-01
5.405405405405405012e-02
7.446808510638297518e-02
1.038961038961039030e-01
7.861060329067641461e-02
6.012658227848100001e-02
8.771929824561405797e-02
8.301886792452828345e-02
1.101123595505617975e-01
7.446808510638297518e-02
4.857142857142856401e-02
5.701078582434514208e-02
1.101123595505617975e-01
2.758620689655172376e-02
2.280130293159609092e-02
2.767857142857140795e-01
8.301886792452828345e-02
6.688963210702342232e-02
1.117318435754190153e-02
1.240875912408759413e-01
3.296703296703296787e-02
9.812108559498958216e-02
5.405405405405405012e-02
7.446808510638297518e-02
1.499999999999999667e-01
9.274193548387098252e-02
7.861060329067641461e-02
1.168224299065420413e-01
2.280130293159609092e-02
1.038961038961039030e-01
1.319796954314720883e-01
7.056798623063684217e-02
1.989528795811517856e-02
1.499999999999999667e-01
6.341463414634147810e-02
3.694267515923566753e-02
9.812108559498958216e-02
7.861060329067641461e-02
1.240875912408759413e-01
1.603498542274051919e-01
9.274193548387098252e-02
1.008249312557286947e-02
9.812108559498958216e-02
3.043478260869564855e-01
1.240875912408759413e-01
1.603498542274051919e-01
9.274193548387098252e-02
9.274193548387098252e-02
7.056798623063684217e-02
8.301886792452828345e-02
2.930832356389214896e-02
7.861060329067641461e-02
1.319796954314720883e-01
1.844660194174757017e-01
1.117318435754190153e-02
1.101123595505617975e-01
9.274193548387098252e-02
1.038961038961039030e-01
1.240875912408759413e-01
9.025270758122743570e-03
3.368421052631577761e-01
8.771929824561405797e-02
1.240875912408759413e-01
1.038961038961039030e-01
1.117318435754190153e-02
4.602510460251044849e-02
7.056798623063684217e-02
3.906249999999999306e-02
7.861060329067641461e-02
7.056798623063684217e-02
2.767857142857140795e-01
1.168224299065420413e-01
7.446808510638297518e-02
1.603498542274051919e-01
7.446808510638297518e-02
9.812108559498958216e-02
9.812108559498958216e-02
7.861060329067641461e-02
8.301886792452828345e-02
1.240875912408759413e-01
1.717791411042943750e-01
3.296703296703296787e-02
1.168224299065420413e-01
3.296703296703296787e-02
7.861060329067641461e-02
5.124450951683748312e-02
1.717791411042943750e-01
1.101123595505617975e-01
1.405835543766578433e-01
8.301886792452828345e-02
3.906249999999999306e-02
7.861060329067641461e-02
2.930832356389214896e-02
1.405835543766578433e-01
6.012658227848100001e-02
5.124450951683748312e-02
9.812108559498958216e-02
6.012658227848100001e-02
7.861060329067641461e-02
9.812108559498958216e-02
1.986301369863013311e-01
1.240875912408759413e-01
1.038961038961039030e-01
7.861060329067641461e-02
1.101123595505617975e-01
9.812108559498958216e-02
3.368421052631577761e-01
1.038961038961039030e-01
1.008249312557286947e-02
8.301886792452828345e-02
9.274193548387098252e-02
8.301886792452828345e-02
9.812108559498958216e-02
7.056798623063684217e-02
1.168224299065420413e-01
1.499999999999999667e-01
2.758620689655172376e-02
9.812108559498958216e-02
9.274193548387098252e-02
1.240875912408759413e-01
1.240875912408759413e-01
5.405405405405405012e-02
7.861060329067641461e-02
3.110047846889952075e-02
4.127829560585884877e-02
9.274193548387098252e-02
1.038961038961039030e-01
1.101123595505617975e-01
9.274193548387098252e-02
1.319796954314720883e-01
7.446808510638297518e-02
8.301886792452828345e-02
1.844660194174757017e-01
9.025270758122743570e-03
7.861060329067641461e-02
9.274193548387098252e-02
4.602510460251044849e-02
1.240875912408759413e-01
2.433628318584070763e-02
1.717791411042943750e-01
4.857142857142856401e-02
6.012658227848100001e-02
1.405835543766578433e-01
9.812108559498958216e-02
4.857142857142856401e-02
2.593010146561443643e-02
7.861060329067641461e-02
8.771929824561405797e-02
1.499999999999999667e-01
7.056798623063684217e-02
5.701078582434514208e-02
9.274193548387098252e-02
7.446808510638297518e-02
3.694267515923566753e-02
1.405835543766578433e-01
8.771929824561405797e-02
1.101123595505617975e-01
3.110047846889952075e-02
1.101123595505617975e-01
8.771929824561405797e-02
1.986301369863013311e-01
4.359673024523161300e-02
5.405405405405405012e-02
8.301886792452828345e-02
5.124450951683748312e-02
3.906249999999999306e-02
1.038961038961039030e-01
1.499999999999999667e-01
9.274193548387098252e-02
3.694267515923566753e-02
6.012658227848100001e-02
1.717791411042943750e-01
2.767857142857140795e-01
1.038961038961039030e-01
1.986301369863013311e-01
4.602510460251044849e-02
6.341463414634147810e-02
1.168224299065420413e-01
5.701078582434514208e-02
1.038961038961039030e-01
8.771929824561405797e-02
7.861060329067641461e-02
9.812108559498958216e-02
1.405835543766578433e-01
4.359673024523161300e-02
8.301886792452828345e-02
6.341463414634147810e-02
1.499999999999999667e-01
9.025270758122743570e-03
4.602510460251044849e-02
3.694267515923566753e-02
6.012658227848100001e-02
2.930832356389214896e-02
7.861060329067641461e-02
7.446808510638297518e-02
6.012658227848100001e-02
3.491271820448877544e-02
8.771929824561405797e-02
8.771929824561405797e-02
2.145454545454544559e-01
1.101123595505617975e-01
2.531120331950205693e-01
4.602510460251044849e-02
6.012658227848100001e-02
8.301886792452828345e-02
8.771929824561405797e-02
1.168224299065420413e-01
8.301886792452828345e-02
1.405835543766578433e-01
3.110047846889952075e-02
7.056798623063684217e-02
7.056798623063684217e-02
1.240875912408759413e-01
7.446808510638297518e-02
5.124450951683748312e-02
5.701078582434514208e-02
1.168224299065420413e-01
1.168224299065420413e-01
1.499999999999999667e-01
1.240875912408759413e-01
4.602510460251044849e-02
1.405835543766578433e-01
1.168224299065420413e-01
6.012658227848100001e-02
1.117318435754190153e-02
1.038961038961039030e-01
7.446808510638297518e-02
1.240875912408759413e-01
1.101123595505617975e-01
7.861060329067641461e-02
7.056798623063684217e-02
1.229895931882686762e-02
1.038961038961039030e-01
1.844660194174757017e-01
2.930832356389214896e-02
8.771929824561405797e-02
1.168224299065420413e-01
4.857142857142856401e-02
8.301886792452828345e-02
7.861060329067641461e-02
6.012658227848100001e-02
6.341463414634147810e-02
1.038961038961039030e-01
8.301886792452828345e-02
9.812108559498958216e-02
8.301886792452828345e-02
8.301886792452828345e-02
1.101123595505617975e-01
7.056798623063684217e-02
3.491271820448877544e-02
1.101123595505617975e-01
1.008249312557286947e-02
6.012658227848100001e-02
8.771929824561405797e-02
5.124450951683748312e-02
8.771929824561405797e-02
4.602510460251044849e-02
7.056798623063684217e-02
1.038961038961039030e-01
5.405405405405405012e-02
7.446808510638297518e-02
1.986301369863013311e-01
1.101123595505617975e-01
1.319796954314720883e-01
5.405405405405405012e-02
6.012658227848100001e-02
3.694267515923566753e-02
1.038961038961039030e-01
6.688963210702342232e-02
7.056798623063684217e-02
8.301886792452828345e-02
5.124450951683748312e-02
3.043478260869564855e-01
1.603498542274051919e-01
9.274193548387098252e-02
7.056798623063684217e-02
5.405405405405405012e-02
1.844660194174757017e-01
7.446808510638297518e-02
1.168224299065420413e-01
9.812108559498958216e-02
4.857142857142856401e-02
8.301886792452828345e-02
2.767857142857140795e-01
5.701078582434514208e-02
9.274193548387098252e-02
1.240875912408759413e-01
8.771929824561405797e-02
8.301886792452828345e-02
8.771929824561405797e-02
8.301886792452828345e-02
1.168224299065420413e-01
1.240875912408759413e-01
4.857142857142856401e-02
1.319796954314720883e-01
6.688963210702342232e-02
1.844660194174757017e-01
1.101123595505617975e-01
9.025270758122743570e-03
5.701078582434514208e-02
4.857142857142856401e-02
7.861060329067641461e-02
8.301886792452828345e-02
1.038961038961039030e-01
3.491271820448877544e-02
8.771929824561405797e-02
7.861060329067641461e-02
1.117318435754190153e-02
2.531120331950205693e-01
1.986301369863013311e-01
7.861060329067641461e-02
1.499999999999999667e-01
1.851851851851852096e-02
4.602510460251044849e-02
1.101123595505617975e-01
4.602510460251044849e-02
1.717791411042943750e-01
1.319796954314720883e-01
7.446808510638297518e-02
5.405405405405405012e-02
6.688963210702342232e-02
1.101123595505617975e-01
1.101123595505617975e-01
5.701078582434514208e-02
1.240875912408759413e-01
4.857142857142856401e-02
1.038961038961039030e-01
5.701078582434514208e-02
1.038961038961039030e-01
9.274193548387098252e-02
8.301886792452828345e-02
1.844660194174757017e-01
1.319796954314720883e-01
1.240875912408759413e-01
2.325581395348836067e-01
7.861060329067641461e-02
8.771929824561405797e-02
4.359673024523161300e-02
5.701078582434514208e-02
1.499999999999999667e-01
1.319796954314720883e-01
7.446808510638297518e-02
1.240875912408759413e-01
6.341463414634147810e-02
4.602510460251044849e-02
1.240875912408759413e-01
1.038961038961039030e-01
2.767857142857140795e-01
3.296703296703296787e-02
9.274193548387098252e-02
8.301886792452828345e-02
1.168224299065420413e-01
1.717791411042943750e-01
4.127829560585884877e-02
5.701078582434514208e-02
1.168224299065420413e-01
8.771929824561405797e-02
1.117318435754190153e-02
8.301886792452828345e-02
8.771929824561405797e-02
1.168224299065420413e-01
9.812108559498958216e-02
4.127829560585884877e-02
8.771929824561405797e-02
5.124450951683748312e-02
7.861060329067641461e-02
5.701078582434514208e-02
4.857142857142856401e-02
3.368421052631577761e-01
7.861060329067641461e-02
1.168224299065420413e-01
4.127829560585884877e-02
1.240875912408759413e-01
1.038961038961039030e-01
1.844660194174757017e-01
4.127829560585884877e-02
9.812108559498958216e-02
6.688963210702342232e-02
7.861060329067641461e-02
1.101123595505617975e-01
6.688963210702342232e-02
1.319796954314720883e-01
1.319796954314720883e-01
1.405835543766578433e-01
6.341463414634147810e-02
1.038961038961039030e-01
4.127829560585884877e-02
9.812108559498958216e-02
4.820143884892081898e-01
6.688963210702342232e-02
6.688963210702342232e-02
1.038961038961039030e-01
2.145454545454544559e-01
9.274193548387098252e-02
2.758620689655172376e-02
1.168224299065420413e-01
1.499999999999999667e-01
1.101123595505617975e-01
3.694267515923566753e-02
1.240875912408759413e-01
9.812108559498958216e-02
1.168224299065420413e-01
8.771929824561405797e-02
4.602510460251044849e-02
9.812108559498958216e-02
1.603498542274051919e-01
8.771929824561405797e-02
1.240875912408759413e-01
9.812108559498958216e-02
8.301886792452828345e-02
1.240875912408759413e-01
1.101123595505617975e-01
1.038961038961039030e-01
9.274193548387098252e-02
3.694267515923566753e-02
5.405405405405405012e-02
1.101123595505617975e-01
1.168224299065420413e-01
3.906249999999999306e-02
7.056798623063684217e-02
3.757225433526009684e-01
2.531120331950205693e-01
8.771929824561405797e-02
7.861060329067641461e-02
8.771929824561405797e-02
6.688963210702342232e-02
4.602510460251044849e-02
1.499999999999999667e-01
7.861060329067641461e-02
3.491271820448877544e-02
5.405405405405405012e-02
1.405835543766578433e-01
3.296703296703296787e-02
1.117318435754190153e-02
7.861060329067641461e-02
8.771929824561405797e-02
1.038961038961039030e-01
7.861060329067641461e-02
5.405405405405405012e-02
6.688963210702342232e-02
4.127829560585884877e-02
3.296703296703296787e-02
1.499999999999999667e-01
4.602510460251044849e-02
6.341463414634147810e-02
8.771929824561405797e-02
7.446808510638297518e-02
1.168224299065420413e-01
9.274193548387098252e-02
6.688963210702342232e-02
3.694267515923566753e-02
1.240875912408759413e-01
8.301886792452828345e-02
3.296703296703296787e-02
1.240875912408759413e-01
6.341463414634147810e-02
2.758620689655172376e-02
1.101123595505617975e-01
1.117318435754190153e-02
1.717791411042943750e-01
1.168224299065420413e-01
6.012658227848100001e-02
3.043478260869564855e-01
1.986301369863013311e-01
3.110047846889952075e-02
1.717791411042943750e-01
7.861060329067641461e-02
8.771929824561405797e-02
1.319796954314720883e-01
6.688963210702342232e-02
8.771929824561405797e-02
1.603498542274051919e-01
1.101123595505617975e-01
3.491271820448877544e-02
3.906249999999999306e-02
3.906249999999999306e-02
8.000000000000000167e-03
9.812108559498958216e-02
1.168224299065420413e-01
1.168224299065420413e-01
7.446808510638297518e-02
4.857142857142856401e-02
8.771929824561405797e-02
3.491271820448877544e-02
1.038961038961039030e-01
6.341463414634147810e-02
6.012658227848100001e-02
1.101123595505617975e-01
9.812108559498958216e-02
9.274193548387098252e-02
6.688963210702342232e-02
3.694267515923566753e-02
1.319796954314720883e-01
6.341463414634147810e-02
1.168224299065420413e-01
8.771929824561405797e-02
1.603498542274051919e-01
1.101123595505617975e-01
9.025270758122743570e-03
1.240875912408759413e-01
5.405405405405405012e-02
1.101123595505617975e-01
9.812108559498958216e-02
1.101123595505617975e-01
6.688963210702342232e-02
1.101123595505617975e-01
5.405405405405405012e-02
8.771929824561405797e-02
9.812108559498958216e-02
8.771929824561405797e-02
9.274193548387098252e-02
9.025270758122743570e-03
3.296703296703296787e-02
5.701078582434514208e-02
3.694267515923566753e-02
6.012658227848100001e-02
1.101123595505617975e-01
6.341463414634147810e-02
8.771929824561405797e-02
5.124450951683748312e-02
1.319796954314720883e-01
6.341463414634147810e-02
8.771929824561405797e-02
1.038961038961039030e-01
5.701078582434514208e-02
1.038961038961039030e-01
1.168224299065420413e-01
4.359673024523161300e-02
9.025270758122743570e-03
1.008249312557286947e-02
1.101123595505617975e-01
7.446808510638297518e-02
6.012658227848100001e-02
3.110047846889952075e-02
6.341463414634147810e-02
1.101123595505617975e-01
6.688963210702342232e-02
1.168224299065420413e-01
5.701078582434514208e-02
7.861060329067641461e-02
4.857142857142856401e-02
8.301886792452828345e-02
1.101123595505617975e-01
9.274193548387098252e-02
3.694267515923566753e-02
1.240875912408759413e-01
9.812108559498958216e-02
2.930832356389214896e-02
1.168224299065420413e-01
8.771929824561405797e-02
2.280130293159609092e-02
8.301886792452828345e-02
6.012658227848100001e-02
1.717791411042943750e-01
7.056798623063684217e-02
7.056798623063684217e-02
5.405405405405405012e-02
4.602510460251044849e-02
8.301886792452828345e-02
8.301886792452828345e-02
1.986301369863013311e-01
9.274193548387098252e-02
1.168224299065420413e-01
1.240875912408759413e-01
4.127829560585884877e-02
6.341463414634147810e-02
8.301886792452828345e-02
7.056798623063684217e-02
9.274193548387098252e-02
7.056798623063684217e-02
2.132196162046908622e-02
9.274193548387098252e-02
1.008249312557286947e-02
5.701078582434514208e-02
8.771929824561405797e-02
1.717791411042943750e-01
1.717791411042943750e-01
3.043478260869564855e-01
2.531120331950205693e-01
1.717791411042943750e-01
7.861060329067641461e-02
1.101123595505617975e-01
4.602510460251044849e-02
8.301886792452828345e-02
4.602510460251044849e-02
1.008249312557286947e-02
2.930832356389214896e-02
1.168224299065420413e-01
1.168224299065420413e-01
9.274193548387098252e-02
5.124450951683748312e-02
8.771929824561405797e-02
9.274193548387098252e-02
9.274193548387098252e-02
6.688963210702342232e-02
9.025270758122743570e-03
2.593010146561443643e-02
1.101123595505617975e-01
1.038961038961039030e-01
3.491271820448877544e-02
9.274193548387098252e-02
1.229895931882686762e-02
5.124450951683748312e-02
1.240875912408759413e-01
9.812108559498958216e-02
3.906249999999999306e-02
3.906249999999999306e-02
7.056798623063684217e-02
6.688963210702342232e-02
1.101123595505617975e-01
4.857142857142856401e-02
2.758620689655172376e-02
1.101123595505617975e-01
1.101123595505617975e-01
1.101123595505617975e-01
3.757225433526009684e-01
2.531120331950205693e-01
1.405835543766578433e-01
1.168224299065420413e-01
5.701078582434514208e-02
7.861060329067641461e-02
1.168224299065420413e-01
1.101123595505617975e-01
8.771929824561405797e-02
3.043478260869564855e-01
8.301886792452828345e-02
7.056798623063684217e-02
8.771929824561405797e-02
9.812108559498958216e-02
7.056798623063684217e-02
4.602510460251044849e-02
2.325581395348836067e-01
9.274193548387098252e-02
1.851851851851852096e-02
2.325581395348836067e-01
1.717791411042943750e-01
4.602510460251044849e-02
4.857142857142856401e-02
6.688963210702342232e-02
1.008249312557286947e-02
1.168224299065420413e-01
9.812108559498958216e-02
1.038961038961039030e-01
1.844660194174757017e-01
1.603498542274051919e-01
4.359673024523161300e-02
7.446808510638297518e-02
1.240875912408759413e-01
9.812108559498958216e-02
6.341463414634147810e-02
3.368421052631577761e-01
5.701078582434514208e-02
6.012658227848100001e-02
1.117318435754190153e-02
1.038961038961039030e-01
2.593010146561443643e-02
6.012658227848100001e-02
6.688963210702342232e-02
9.812108559498958216e-02
1.117318435754190153e-02
9.812108559498958216e-02
1.844660194174757017e-01
9.025270758122743570e-03
2.767857142857140795e-01
1.405835543766578433e-01
1.603498542274051919e-01
9.274193548387098252e-02
9.812108559498958216e-02
6.688963210702342232e-02
8.771929824561405797e-02
6.012658227848100001e-02
1.101123595505617975e-01
1.038961038961039030e-01
1.240875912408759413e-01
1.718907987866531706e-02
3.906249999999999306e-02
4.857142857142856401e-02
8.301886792452828345e-02
1.603498542274051919e-01
7.446808510638297518e-02
5.701078582434514208e-02
2.145454545454544559e-01
7.446808510638297518e-02
1.603498542274051919e-01
1.038961038961039030e-01
5.405405405405405012e-02
6.688963210702342232e-02
8.771929824561405797e-02
8.301886792452828345e-02
1.168224299065420413e-01
7.446808510638297518e-02
1.038961038961039030e-01
9.812108559498958216e-02
3.110047846889952075e-02
1.038961038961039030e-01
8.301886792452828345e-02
1.240875912408759413e-01
5.701078582434514208e-02
8.301886792452828345e-02
1.101123595505617975e-01
1.405835543766578433e-01
4.820143884892081898e-01
8.771929824561405797e-02
8.771929824561405797e-02
4.127829560585884877e-02
9.812108559498958216e-02
1.101123595505617975e-01
6.341463414634147810e-02
6.012658227848100001e-02
6.012658227848100001e-02
2.593010146561443643e-02
7.446808510638297518e-02
1.844660194174757017e-01
9.274193548387098252e-02
1.101123595505617975e-01
1.844660194174757017e-01
6.341463414634147810e-02
4.602510460251044849e-02
1.117318435754190153e-02
1.844660194174757017e-01
6.341463414634147810e-02
7.446808510638297518e-02
1.038961038961039030e-01
2.930832356389214896e-02
8.301886792452828345e-02
4.602510460251044849e-02
8.301886792452828345e-02
1.168224299065420413e-01
1.168224299065420413e-01
5.701078582434514208e-02
9.274193548387098252e-02
6.341463414634147810e-02
1.229895931882686762e-02
9.812108559498958216e-02
7.446808510638297518e-02
6.341463414634147810e-02
1.101123595505617975e-01
1.101123595505617975e-01
1.101123595505617975e-01
3.110047846889952075e-02
