1.692307692307691847e-01
7.382550335570470246e-02
8.474576271186440302e-02
4.918032786885245811e-02
1.692307692307691847e-01
6.444906444906445264e-02
5.263157894736841813e-02
1.318327974276526926e-01
5.631067961165049651e-02
6.896551724137929551e-02
6.024096385542168641e-02
4.918032786885245811e-02
9.090909090909092549e-02
1.219512195121951054e-01
2.248803827751196249e-01
1.049723756906077582e-01
6.896551724137929551e-02
5.263157894736841813e-02
2.994011976047904200e-02
7.382550335570470246e-02
4.593639575971731476e-02
1.318327974276526926e-01
4.918032786885245811e-02
9.090909090909092549e-02
3.225806451612903136e-02
6.896551724137929551e-02
4.288164665523156588e-02
6.444906444906445264e-02
5.999999999999996447e-01
1.552346570397112047e-01
5.631067961165049651e-02
7.906976744186045014e-02
6.896551724137929551e-02
1.130434782608695649e-01
9.762532981530343268e-02
8.474576271186440302e-02
3.617021276595742130e-01
1.552346570397112047e-01
4.593639575971731476e-02
9.762532981530343268e-02
1.851851851851852027e-01
4.288164665523156588e-02
6.896551724137929551e-02
1.318327974276526926e-01
2.800000000000000266e-01
1.552346570397112047e-01
8.474576271186440302e-02
7.906976744186045014e-02
6.896551724137929551e-02
6.896551724137929551e-02
7.382550335570470246e-02
1.219512195121951054e-01
9.762532981530343268e-02
7.382550335570470246e-02
4.288164665523156588e-02
5.631067961165049651e-02
1.130434782608695649e-01
2.035398230088494853e-01
3.727714748784440729e-02
6.896551724137929551e-02
6.444906444906445264e-02
7.906976744186045014e-02
1.428571428571428492e-01
1.219512195121951054e-01
3.999999999999999389e-02
2.248803827751196249e-01
1.049723756906077582e-01
9.762532981530343268e-02
2.248803827751196249e-01
7.906976744186045014e-02
4.918032786885245811e-02
1.318327974276526926e-01
9.762532981530343268e-02
1.851851851851852027e-01
6.444906444906445264e-02
7.382550335570470246e-02
2.035398230088494853e-01
8.474576271186440302e-02
1.552346570397112047e-01
9.090909090909092549e-02
5.631067961165049651e-02
4.918032786885245811e-02
3.225806451612903136e-02
5.631067961165049651e-02
4.953271028037377621e-01
5.631067961165049651e-02
6.024096385542168641e-02
3.164556962025315556e-01
1.428571428571428492e-01
1.219512195121951054e-01
3.225806451612903136e-02
1.049723756906077582e-01
3.727714748784440729e-02
1.552346570397112047e-01
3.225806451612903136e-02
9.090909090909092549e-02
7.382550335570470246e-02
9.090909090909092549e-02
4.593639575971731476e-02
1.692307692307691847e-01
4.918032786885245811e-02
7.382550335570470246e-02
3.999999999999999389e-02
7.906976744186045014e-02
3.999999999999999389e-02
7.382550335570470246e-02
4.593639575971731476e-02
1.851851851851852027e-01
1.318327974276526926e-01
8.474576271186440302e-02
1.049723756906077582e-01
4.918032786885245811e-02
1.130434782608695649e-01
5.631067961165049651e-02
3.225806451612903136e-02
1.851851851851852027e-01
1.219512195121951054e-01
6.444906444906445264e-02
7.382550335570470246e-02
2.800000000000000266e-01
8.474576271186440302e-02
6.444906444906445264e-02
1.130434782608695649e-01
1.552346570397112047e-01
1.428571428571428492e-01
6.444906444906445264e-02
9.762532981530343268e-02
1.692307692307691847e-01
9.762532981530343268e-02
2.035398230088494853e-01
3.164556962025315556e-01
6.896551724137929551e-02
3.617021276595742130e-01
6.024096385542168641e-02
1.130434782608695649e-01
9.762532981530343268e-02
9.090909090909092549e-02
1.130434782608695649e-01
1.130434782608695649e-01
7.906976744186045014e-02
4.593639575971731476e-02
6.444906444906445264e-02
3.225806451612903136e-02
7.906976744186045014e-02
1.318327974276526926e-01
2.248803827751196249e-01
7.382550335570470246e-02
2.499999999999999167e-01
7.382550335570470246e-02
3.727714748784440729e-02
1.318327974276526926e-01
2.773722627737226776e-02
1.552346570397112047e-01
7.906976744186045014e-02
3.225806451612903136e-02
6.444906444906445264e-02
1.851851851851852027e-01
8.474576271186440302e-02
6.896551724137929551e-02
5.631067961165049651e-02
8.474576271186440302e-02
9.090909090909092549e-02
4.918032786885245811e-02
9.762532981530343268e-02
1.552346570397112047e-01
7.906976744186045014e-02
1.318327974276526926e-01
5.263157894736841813e-02
9.090909090909092549e-02
5.263157894736841813e-02
7.906976744186045014e-02
1.428571428571428492e-01
9.762532981530343268e-02
9.090909090909092549e-02
5.263157894736841813e-02
2.248803827751196249e-01
4.593639575971731476e-02
7.382550335570470246e-02
1.219512195121951054e-01
3.470031545741324858e-02
6.896551724137929551e-02
8.474576271186440302e-02
3.225806451612903136e-02
3.999999999999999389e-02
6.024096385542168641e-02
8.474576271186440302e-02
1.130434782608695649e-01
9.762532981530343268e-02
1.130434782608695649e-01
9.762532981530343268e-02
6.024096385542168641e-02
4.288164665523156588e-02
5.263157894736841813e-02
2.035398230088494853e-01
1.130434782608695649e-01
1.219512195121951054e-01
5.631067961165049651e-02
1.552346570397112047e-01
1.318327974276526926e-01
2.499999999999999167e-01
9.090909090909092549e-02
1.318327974276526926e-01
4.593639575971731476e-02
1.318327974276526926e-01
3.225806451612903136e-02
1.130434782608695649e-01
1.552346570397112047e-01
8.474576271186440302e-02
9.090909090909092549e-02
1.428571428571428492e-01
1.130434782608695649e-01
4.288164665523156588e-02
1.428571428571428492e-01
4.593639575971731476e-02
6.444906444906445264e-02
3.225806451612903136e-02
3.999999999999999389e-02
7.906976744186045014e-02
6.896551724137929551e-02
6.896551724137929551e-02
3.727714748784440729e-02
8.474576271186440302e-02
6.896551724137929551e-02
3.727714748784440729e-02
7.382550335570470246e-02
2.800000000000000266e-01
1.049723756906077582e-01
3.470031545741324858e-02
5.631067961165049651e-02
1.552346570397112047e-01
8.474576271186440302e-02
1.219512195121951054e-01
4.953271028037377621e-01
1.428571428571428492e-01
7.382550335570470246e-02
2.499999999999999167e-01
6.024096385542168641e-02
1.428571428571428492e-01
9.090909090909092549e-02
3.470031545741324858e-02
2.248803827751196249e-01
9.090909090909092549e-02
2.773722627737226776e-02
1.318327974276526926e-01
6.444906444906445264e-02
8.474576271186440302e-02
2.800000000000000266e-01
5.631067961165049651e-02
9.762532981530343268e-02
2.773722627737226776e-02
7.382550335570470246e-02
6.024096385542168641e-02
3.999999999999999389e-02
2.248803827751196249e-01
3.164556962025315556e-01
5.631067961165049651e-02
7.906976744186045014e-02
5.263157894736841813e-02
1.049723756906077582e-01
4.918032786885245811e-02
7.906976744186045014e-02
9.762532981530343268e-02
3.727714748784440729e-02
9.762532981530343268e-02
7.906976744186045014e-02
1.049723756906077582e-01
1.049723756906077582e-01
8.474576271186440302e-02
4.918032786885245811e-02
1.049723756906077582e-01
9.090909090909092549e-02
3.617021276595742130e-01
1.851851851851852027e-01
2.800000000000000266e-01
7.906976744186045014e-02
4.918032786885245811e-02
1.552346570397112047e-01
9.762532981530343268e-02
8.474576271186440302e-02
6.444906444906445264e-02
1.692307692307691847e-01
9.090909090909092549e-02
7.906976744186045014e-02
6.896551724137929551e-02
9.762532981530343268e-02
1.851851851851852027e-01
4.288164665523156588e-02
4.193548387096772689e-01
9.762532981530343268e-02
1.219512195121951054e-01
6.024096385542168641e-02
9.762532981530343268e-02
1.130434782608695649e-01
6.896551724137929551e-02
6.896551724137929551e-02
5.263157894736841813e-02
7.382550335570470246e-02
1.130434782608695649e-01
7.906976744186045014e-02
2.773722627737226776e-02
7.382550335570470246e-02
7.534246575342453678e-01
4.288164665523156588e-02
3.225806451612903136e-02
9.762532981530343268e-02
2.800000000000000266e-01
7.382550335570470246e-02
2.800000000000000266e-01
1.428571428571428492e-01
7.382550335570470246e-02
7.382550335570470246e-02
1.318327974276526926e-01
3.470031545741324858e-02
1.219512195121951054e-01
5.631067961165049651e-02
1.049723756906077582e-01
8.474576271186440302e-02
1.318327974276526926e-01
9.762532981530343268e-02
1.851851851851852027e-01
1.692307692307691847e-01
5.631067961165049651e-02
1.219512195121951054e-01
5.631067961165049651e-02
7.382550335570470246e-02
4.593639575971731476e-02
8.474576271186440302e-02
1.318327974276526926e-01
3.470031545741324858e-02
1.049723756906077582e-01
6.896551724137929551e-02
6.896551724137929551e-02
1.049723756906077582e-01
6.444906444906445264e-02
3.617021276595742130e-01
1.318327974276526926e-01
7.906976744186045014e-02
7.382550335570470246e-02
6.896551724137929551e-02
1.219512195121951054e-01
6.444906444906445264e-02
2.248803827751196249e-01
1.552346570397112047e-01
9.090909090909092549e-02
8.474576271186440302e-02
7.906976744186045014e-02
7.906976744186045014e-02
4.193548387096772689e-01
6.024096385542168641e-02
7.382550335570470246e-02
7.382550335570470246e-02
6.444906444906445264e-02
9.090909090909092549e-02
4.953271028037377621e-01
5.631067961165049651e-02
4.953271028037377621e-01
1.049723756906077582e-01
8.474576271186440302e-02
1.049723756906077582e-01
3.999999999999999389e-02
7.906976744186045014e-02
4.918032786885245811e-02
7.382550335570470246e-02
6.024096385542168641e-02
9.762532981530343268e-02
7.906976744186045014e-02
1.219512195121951054e-01
9.762532981530343268e-02
9.762532981530343268e-02
6.024096385542168641e-02
4.918032786885245811e-02
9.090909090909092549e-02
6.024096385542168641e-02
2.499999999999999167e-01
4.953271028037377621e-01
6.896551724137929551e-02
6.024096385542168641e-02
1.428571428571428492e-01
4.288164665523156588e-02
4.918032786885245811e-02
7.382550335570470246e-02
1.851851851851852027e-01
8.474576271186440302e-02
6.024096385542168641e-02
4.288164665523156588e-02
1.049723756906077582e-01
6.024096385542168641e-02
6.024096385542168641e-02
5.631067961165049651e-02
6.444906444906445264e-02
4.288164665523156588e-02
1.552346570397112047e-01
3.470031545741324858e-02
6.896551724137929551e-02
1.692307692307691847e-01
2.800000000000000266e-01
1.130434782608695649e-01
1.428571428571428492e-01
7.382550335570470246e-02
1.552346570397112047e-01
6.896551724137929551e-02
1.049723756906077582e-01
1.851851851851852027e-01
9.762532981530343268e-02
1.130434782608695649e-01
9.762532981530343268e-02
9.090909090909092549e-02
1.049723756906077582e-01
5.631067961165049651e-02
1.130434782608695649e-01
1.428571428571428492e-01
6.444906444906445264e-02
1.049723756906077582e-01
9.090909090909092549e-02
4.918032786885245811e-02
2.994011976047904200e-02
9.090909090909092549e-02
3.225806451612903136e-02
6.444906444906445264e-02
3.470031545741324858e-02
5.631067961165049651e-02
5.263157894736841813e-02
9.762532981530343268e-02
2.173913043478260462e-02
4.593639575971731476e-02
2.248803827751196249e-01
1.428571428571428492e-01
1.318327974276526926e-01
2.035398230088494853e-01
4.193548387096772689e-01
6.024096385542168641e-02
7.906976744186045014e-02
4.918032786885245811e-02
6.444906444906445264e-02
7.906976744186045014e-02
4.918032786885245811e-02
6.444906444906445264e-02
8.474576271186440302e-02
1.692307692307691847e-01
8.474576271186440302e-02
6.444906444906445264e-02
7.906976744186045014e-02
6.444906444906445264e-02
5.631067961165049651e-02
5.263157894736841813e-02
6.896551724137929551e-02
1.130434782608695649e-01
9.762532981530343268e-02
1.049723756906077582e-01
1.851851851851852027e-01
6.896551724137929551e-02
5.999999999999996447e-01
1.318327974276526926e-01
1.428571428571428492e-01
1.851851851851852027e-01
4.288164665523156588e-02
2.035398230088494853e-01
7.382550335570470246e-02
5.263157894736841813e-02
1.851851851851852027e-01
6.444906444906445264e-02
1.851851851851852027e-01
4.593639575971731476e-02
1.428571428571428492e-01
1.130434782608695649e-01
4.288164665523156588e-02
8.474576271186440302e-02
1.692307692307691847e-01
1.318327974276526926e-01
2.499999999999999167e-01
1.219512195121951054e-01
4.193548387096772689e-01
7.382550335570470246e-02
1.130434782608695649e-01
1.692307692307691847e-01
1.318327974276526926e-01
1.552346570397112047e-01
7.906976744186045014e-02
3.164556962025315556e-01
1.428571428571428492e-01
3.999999999999999389e-02
9.762532981530343268e-02
9.090909090909092549e-02
1.130434782608695649e-01
9.762532981530343268e-02
1.552346570397112047e-01
4.918032786885245811e-02
8.474576271186440302e-02
6.444906444906445264e-02
1.851851851851852027e-01
1.428571428571428492e-01
9.762532981530343268e-02
1.318327974276526926e-01
9.762532981530343268e-02
6.896551724137929551e-02
7.382550335570470246e-02
1.851851851851852027e-01
2.035398230088494853e-01
3.999999999999999389e-02
9.090909090909092549e-02
1.049723756906077582e-01
5.631067961165049651e-02
9.762532981530343268e-02
5.631067961165049651e-02
8.474576271186440302e-02
2.248803827751196249e-01
3.164556962025315556e-01
6.024096385542168641e-02
1.552346570397112047e-01
9.090909090909092549e-02
6.444906444906445264e-02
7.906976744186045014e-02
7.906976744186045014e-02
2.800000000000000266e-01
5.263157894736841813e-02
7.906976744186045014e-02
8.474576271186440302e-02
6.024096385542168641e-02
4.288164665523156588e-02
2.364394993045896773e-02
6.896551724137929551e-02
4.288164665523156588e-02
2.499999999999999167e-01
6.024096385542168641e-02
3.617021276595742130e-01
1.219512195121951054e-01
9.090909090909092549e-02
9.762532981530343268e-02
2.994011976047904200e-02
1.049723756906077582e-01
3.999999999999999389e-02
6.896551724137929551e-02
9.090909090909092549e-02
3.225806451612903136e-02
9.090909090909092549e-02
1.219512195121951054e-01
5.999999999999996447e-01
1.130434782608695649e-01
6.024096385542168641e-02
9.762532981530343268e-02
9.090909090909092549e-02
9.762532981530343268e-02
6.444906444906445264e-02
2.035398230088494853e-01
1.049723756906077582e-01
3.727714748784440729e-02
7.382550335570470246e-02
1.130434782608695649e-01
3.225806451612903136e-02
7.382550335570470246e-02
5.631067961165049651e-02
1.692307692307691847e-01
1.428571428571428492e-01
1.130434782608695649e-01
6.024096385542168641e-02
8.474576271186440302e-02
1.130434782608695649e-01
6.896551724137929551e-02
9.090909090909092549e-02
4.918032786885245811e-02
1.318327974276526926e-01
3.727714748784440729e-02
7.382550335570470246e-02
9.762532981530343268e-02
9.090909090909092549e-02
4.593639575971731476e-02
8.474576271186440302e-02
4.288164665523156588e-02
8.474576271186440302e-02
9.090909090909092549e-02
9.090909090909092549e-02
2.248803827751196249e-01
1.318327974276526926e-01
7.382550335570470246e-02
1.130434782608695649e-01
1.851851851851852027e-01
7.906976744186045014e-02
9.762532981530343268e-02
6.444906444906445264e-02
1.692307692307691847e-01
8.474576271186440302e-02
1.049723756906077582e-01
8.474576271186440302e-02
3.164556962025315556e-01
7.534246575342453678e-01
1.049723756906077582e-01
1.692307692307691847e-01
9.090909090909092549e-02
2.364394993045896773e-02
1.219512195121951054e-01
4.593639575971731476e-02
4.953271028037377621e-01
7.906976744186045014e-02
6.444906444906445264e-02
3.470031545741324858e-02
9.090909090909092549e-02
9.090909090909092549e-02
9.762532981530343268e-02
9.762532981530343268e-02
9.090909090909092549e-02
2.800000000000000266e-01
4.288164665523156588e-02
5.631067961165049651e-02
1.049723756906077582e-01
6.444906444906445264e-02
3.727714748784440729e-02
9.090909090909092549e-02
9.762532981530343268e-02
4.918032786885245811e-02
6.896551724137929551e-02
5.999999999999996447e-01
6.896551724137929551e-02
1.692307692307691847e-01
5.631067961165049651e-02
1.219512195121951054e-01
6.896551724137929551e-02
9.090909090909092549e-02
6.896551724137929551e-02
8.474576271186440302e-02
8.474576271186440302e-02
2.248803827751196249e-01
2.035398230088494853e-01
4.918032786885245811e-02
1.049723756906077582e-01
4.193548387096772689e-01
9.090909090909092549e-02
9.762532981530343268e-02
7.906976744186045014e-02
5.263157894736841813e-02
4.593639575971731476e-02
8.474576271186440302e-02
3.999999999999999389e-02
4.593639575971731476e-02
7.906976744186045014e-02
5.631067961165049651e-02
7.906976744186045014e-02
1.219512195121951054e-01
1.130434782608695649e-01
4.288164665523156588e-02
4.593639575971731476e-02
1.428571428571428492e-01
6.896551724137929551e-02
3.470031545741324858e-02
7.382550335570470246e-02
8.474576271186440302e-02
4.193548387096772689e-01
8.474576271186440302e-02
9.090909090909092549e-02
7.382550335570470246e-02
7.906976744186045014e-02
2.035398230088494853e-01
9.090909090909092549e-02
1.552346570397112047e-01
4.593639575971731476e-02
1.318327974276526926e-01
1.428571428571428492e-01
2.773722627737226776e-02
7.382550335570470246e-02
4.593639575971731476e-02
1.049723756906077582e-01
1.049723756906077582e-01
9.762532981530343268e-02
6.896551724137929551e-02
7.906976744186045014e-02
3.617021276595742130e-01
1.552346570397112047e-01
1.219512195121951054e-01
7.906976744186045014e-02
2.994011976047904200e-02
7.906976744186045014e-02
1.049723756906077582e-01
1.219512195121951054e-01
3.727714748784440729e-02
6.024096385542168641e-02
5.631067961165049651e-02
9.762532981530343268e-02
1.692307692307691847e-01
1.428571428571428492e-01
1.130434782608695649e-01
3.999999999999999389e-02
2.499999999999999167e-01
1.428571428571428492e-01
1.851851851851852027e-01
1.130434782608695649e-01
9.762532981530343268e-02
9.762532981530343268e-02
6.024096385542168641e-02
6.896551724137929551e-02
1.552346570397112047e-01
2.499999999999999167e-01
9.090909090909092549e-02
6.896551724137929551e-02
8.474576271186440302e-02
1.049723756906077582e-01
6.444906444906445264e-02
1.318327974276526926e-01
6.024096385542168641e-02
6.896551724137929551e-02
3.225806451612903136e-02
2.564102564102564361e-02
1.219512195121951054e-01
8.474576271186440302e-02
6.024096385542168641e-02
1.049723756906077582e-01
6.896551724137929551e-02
2.499999999999999167e-01
4.918032786885245811e-02
7.382550335570470246e-02
2.248803827751196249e-01
1.219512195121951054e-01
1.851851851851852027e-01
8.474576271186440302e-02
4.918032786885245811e-02
3.470031545741324858e-02
6.896551724137929551e-02
1.851851851851852027e-01
9.762532981530343268e-02
6.896551724137929551e-02
1.318327974276526926e-01
1.130434782608695649e-01
1.428571428571428492e-01
5.263157894736841813e-02
6.444906444906445264e-02
2.994011976047904200e-02
1.692307692307691847e-01
9.762532981530343268e-02
6.444906444906445264e-02
7.382550335570470246e-02
3.617021276595742130e-01
3.470031545741324858e-02
2.800000000000000266e-01
5.631067961165049651e-02
1.318327974276526926e-01
6.444906444906445264e-02
3.225806451612903136e-02
1.219512195121951054e-01
5.631067961165049651e-02
6.896551724137929551e-02
1.130434782608695649e-01
5.263157894736841813e-02
4.918032786885245811e-02
4.918032786885245811e-02
5.263157894736841813e-02
1.049723756906077582e-01
7.382550335570470246e-02
6.444906444906445264e-02
8.474576271186440302e-02
9.090909090909092549e-02
4.918032786885245811e-02
4.918032786885245811e-02
6.024096385542168641e-02
3.999999999999999389e-02
8.474576271186440302e-02
6.024096385542168641e-02
1.692307692307691847e-01
6.896551724137929551e-02
6.444906444906445264e-02
1.851851851851852027e-01
4.593639575971731476e-02
3.164556962025315556e-01
7.906976744186045014e-02
5.263157894736841813e-02
1.130434782608695649e-01
5.999999999999996447e-01
6.896551724137929551e-02
1.219512195121951054e-01
4.918032786885245811e-02
1.219512195121951054e-01
4.953271028037377621e-01
7.906976744186045014e-02
1.318327974276526926e-01
5.631067961165049651e-02
7.906976744186045014e-02
9.090909090909092549e-02
1.130434782608695649e-01
1.851851851851852027e-01
6.024096385542168641e-02
4.918032786885245811e-02
6.444906444906445264e-02
4.593639575971731476e-02
1.219512195121951054e-01
1.219512195121951054e-01
6.024096385542168641e-02
3.225806451612903136e-02
9.762532981530343268e-02
2.248803827751196249e-01
7.906976744186045014e-02
7.382550335570470246e-02
1.428571428571428492e-01
9.090909090909092549e-02
3.164556962025315556e-01
1.318327974276526926e-01
2.773722627737226776e-02
2.248803827751196249e-01
9.762532981530343268e-02
2.035398230088494853e-01
8.474576271186440302e-02
7.906976744186045014e-02
6.024096385542168641e-02
1.049723756906077582e-01
5.263157894736841813e-02
8.474576271186440302e-02
6.024096385542168641e-02
2.499999999999999167e-01
9.762532981530343268e-02
6.024096385542168641e-02
7.906976744186045014e-02
3.999999999999999389e-02
1.428571428571428492e-01
3.164556962025315556e-01
4.918032786885245811e-02
8.474576271186440302e-02
1.428571428571428492e-01
4.288164665523156588e-02
7.382550335570470246e-02
4.953271028037377621e-01
4.193548387096772689e-01
4.918032786885245811e-02
6.024096385542168641e-02
6.896551724137929551e-02
5.263157894736841813e-02
7.382550335570470246e-02
4.593639575971731476e-02
3.470031545741324858e-02
7.906976744186045014e-02
9.090909090909092549e-02
8.474576271186440302e-02
2.564102564102564361e-02
1.318327974276526926e-01
7.906976744186045014e-02
1.428571428571428492e-01
1.318327974276526926e-01
1.049723756906077582e-01
1.428571428571428492e-01
5.263157894736841813e-02
1.692307692307691847e-01
3.225806451612903136e-02
2.499999999999999167e-01
3.164556962025315556e-01
1.692307692307691847e-01
7.382550335570470246e-02
2.994011976047904200e-02
7.382550335570470246e-02
7.382550335570470246e-02
3.999999999999999389e-02
6.024096385542168641e-02
6.896551724137929551e-02
8.474576271186440302e-02
4.918032786885245811e-02
7.906976744186045014e-02
2.499999999999999167e-01
2.035398230088494853e-01
6.896551724137929551e-02
1.130434782608695649e-01
8.474576271186440302e-02
6.024096385542168641e-02
6.444906444906445264e-02
6.444906444906445264e-02
8.474576271186440302e-02
1.130434782608695649e-01
4.918032786885245811e-02
8.474576271186440302e-02
3.164556962025315556e-01
6.024096385542168641e-02
2.994011976047904200e-02
2.248803827751196249e-01
4.193548387096772689e-01
7.906976744186045014e-02
1.851851851851852027e-01
4.918032786885245811e-02
1.318327974276526926e-01
1.428571428571428492e-01
9.762532981530343268e-02
1.219512195121951054e-01
1.692307692307691847e-01
7.382550335570470246e-02
1.049723756906077582e-01
1.130434782608695649e-01
1.219512195121951054e-01
7.382550335570470246e-02
6.444906444906445264e-02
7.382550335570470246e-02
2.994011976047904200e-02
7.906976744186045014e-02
1.049723756906077582e-01
1.692307692307691847e-01
6.024096385542168641e-02
1.692307692307691847e-01
6.444906444906445264e-02
8.474576271186440302e-02
1.049723756906077582e-01
9.090909090909092549e-02
2.499999999999999167e-01
4.918032786885245811e-02
1.130434782608695649e-01
4.288164665523156588e-02
6.444906444906445264e-02
6.896551724137929551e-02
2.994011976047904200e-02
6.896551724137929551e-02
9.762532981530343268e-02
7.906976744186045014e-02
5.263157894736841813e-02
8.474576271186440302e-02
6.896551724137929551e-02
3.999999999999999389e-02
1.219512195121951054e-01
6.444906444906445264e-02
6.896551724137929551e-02
3.999999999999999389e-02
4.193548387096772689e-01
6.444906444906445264e-02
2.248803827751196249e-01
1.219512195121951054e-01
2.773722627737226776e-02
9.090909090909092549e-02
9.762532981530343268e-02
7.382550335570470246e-02
6.444906444906445264e-02
2.248803827751196249e-01
8.474576271186440302e-02
1.130434782608695649e-01
9.762532981530343268e-02
1.130434782608695649e-01
9.090909090909092549e-02
6.896551724137929551e-02
5.263157894736841813e-02
1.049723756906077582e-01
1.552346570397112047e-01
7.382550335570470246e-02
1.130434782608695649e-01
7.382550335570470246e-02
2.800000000000000266e-01
9.090909090909092549e-02
1.851851851851852027e-01
7.382550335570470246e-02
4.918032786885245811e-02
6.444906444906445264e-02
6.444906444906445264e-02
1.049723756906077582e-01
4.918032786885245811e-02
8.474576271186440302e-02
5.263157894736841813e-02
3.164556962025315556e-01
7.382550335570470246e-02
7.382550335570470246e-02
6.896551724137929551e-02
4.593639575971731476e-02
1.219512195121951054e-01
9.762532981530343268e-02
7.382550335570470246e-02
2.499999999999999167e-01
9.762532981530343268e-02
2.800000000000000266e-01
9.762532981530343268e-02
9.762532981530343268e-02
7.906976744186045014e-02
4.918032786885245811e-02
5.263157894736841813e-02
1.428571428571428492e-01
6.024096385542168641e-02
1.130434782608695649e-01
2.364394993045896773e-02
6.896551724137929551e-02
1.130434782608695649e-01
4.918032786885245811e-02
5.631067961165049651e-02
5.631067961165049651e-02
9.090909090909092549e-02
1.552346570397112047e-01
8.474576271186440302e-02
2.773722627737226776e-02
4.918032786885245811e-02
1.692307692307691847e-01
5.263157894736841813e-02
6.024096385542168641e-02
3.164556962025315556e-01
1.130434782608695649e-01
3.727714748784440729e-02
1.428571428571428492e-01
5.263157894736841813e-02
7.534246575342453678e-01
6.444906444906445264e-02
2.564102564102564361e-02
5.631067961165049651e-02
9.762532981530343268e-02
1.851851851851852027e-01
9.090909090909092549e-02
6.896551724137929551e-02
9.762532981530343268e-02
6.024096385542168641e-02
5.631067961165049651e-02
8.474576271186440302e-02
1.219512195121951054e-01
7.382550335570470246e-02
2.173913043478260462e-02
5.631067961165049651e-02
1.219512195121951054e-01
5.631067961165049651e-02
3.727714748784440729e-02
4.918032786885245811e-02
1.049723756906077582e-01
1.219512195121951054e-01
6.444906444906445264e-02
6.444906444906445264e-02
1.318327974276526926e-01
1.130434782608695649e-01
1.130434782608695649e-01
4.918032786885245811e-02
8.474576271186440302e-02
8.474576271186440302e-02
3.999999999999999389e-02
1.130434782608695649e-01
1.552346570397112047e-01
9.090909090909092549e-02
6.444906444906445264e-02
2.994011976047904200e-02
4.288164665523156588e-02
3.727714748784440729e-02
6.024096385542168641e-02
9.090909090909092549e-02
5.631067961165049651e-02
6.896551724137929551e-02
1.049723756906077582e-01
1.049723756906077582e-01
1.130434782608695649e-01
6.444906444906445264e-02
9.090909090909092549e-02
1.552346570397112047e-01
4.918032786885245811e-02
5.263157894736841813e-02
1.219512195121951054e-01
1.428571428571428492e-01
1.130434782608695649e-01
7.906976744186045014e-02
5.631067961165049651e-02
1.851851851851852027e-01
9.090909090909092549e-02
2.499999999999999167e-01
6.896551724137929551e-02
6.444906444906445264e-02
5.631067961165049651e-02
1.049723756906077582e-01
6.444906444906445264e-02
2.800000000000000266e-01
9.090909090909092549e-02
6.444906444906445264e-02
7.906976744186045014e-02
1.049723756906077582e-01
1.692307692307691847e-01
3.225806451612903136e-02
2.035398230088494853e-01
7.906976744186045014e-02
2.800000000000000266e-01
5.263157894736841813e-02
6.444906444906445264e-02
4.918032786885245811e-02
3.470031545741324858e-02
6.896551724137929551e-02
6.444906444906445264e-02
1.130434782608695649e-01
6.896551724137929551e-02
1.428571428571428492e-01
2.800000000000000266e-01
5.631067961165049651e-02
1.130434782608695649e-01
7.382550335570470246e-02
3.617021276595742130e-01
6.444906444906445264e-02
1.318327974276526926e-01
1.851851851851852027e-01
7.382550335570470246e-02
1.130434782608695649e-01
6.896551724137929551e-02
1.318327974276526926e-01
1.428571428571428492e-01
1.219512195121951054e-01
6.444906444906445264e-02
9.762532981530343268e-02
2.035398230088494853e-01
1.318327974276526926e-01
9.090909090909092549e-02
1.130434782608695649e-01
6.444906444906445264e-02
1.552346570397112047e-01
3.617021276595742130e-01
5.631067961165049651e-02
4.593639575971731476e-02
9.762532981530343268e-02
1.049723756906077582e-01
1.552346570397112047e-01
1.428571428571428492e-01
7.382550335570470246e-02
6.024096385542168641e-02
6.024096385542168641e-02
9.090909090909092549e-02
6.444906444906445264e-02
9.762532981530343268e-02
7.906976744186045014e-02
6.024096385542168641e-02
7.534246575342453678e-01
6.896551724137929551e-02
7.906976744186045014e-02
5.999999999999996447e-01
9.762532981530343268e-02
6.896551724137929551e-02
3.470031545741324858e-02
7.906976744186045014e-02
7.382550335570470246e-02
6.896551724137929551e-02
1.049723756906077582e-01
4.918032786885245811e-02
8.474576271186440302e-02
7.906976744186045014e-02
7.382550335570470246e-02
4.918032786885245811e-02
5.631067961165049651e-02
1.130434782608695649e-01
1.552346570397112047e-01
4.288164665523156588e-02
1.428571428571428492e-01
5.263157894736841813e-02
2.499999999999999167e-01
1.552346570397112047e-01
7.382550335570470246e-02
5.263157894736841813e-02
1.219512195121951054e-01
5.263157894736841813e-02
3.225806451612903136e-02
1.049723756906077582e-01
4.193548387096772689e-01
3.999999999999999389e-02
1.851851851851852027e-01
6.896551724137929551e-02
6.024096385542168641e-02
1.130434782608695649e-01
3.470031545741324858e-02
3.164556962025315556e-01
9.090909090909092549e-02
1.049723756906077582e-01
4.918032786885245811e-02
3.164556962025315556e-01
5.631067961165049651e-02
5.263157894736841813e-02
7.382550335570470246e-02
1.318327974276526926e-01
1.318327974276526926e-01
6.444906444906445264e-02
5.999999999999996447e-01
8.474576271186440302e-02
7.382550335570470246e-02
2.248803827751196249e-01
7.906976744186045014e-02
3.470031545741324858e-02
4.918032786885245811e-02
2.499999999999999167e-01
4.288164665523156588e-02
4.288164665523156588e-02
1.318327974276526926e-01
3.617021276595742130e-01
4.593639575971731476e-02
1.219512195121951054e-01
2.035398230088494853e-01
3.470031545741324858e-02
2.773722627737226776e-02
1.219512195121951054e-01
1.130434782608695649e-01
9.090909090909092549e-02
7.382550335570470246e-02
9.090909090909092549e-02
6.024096385542168641e-02
2.994011976047904200e-02
9.762532981530343268e-02
4.918032786885245811e-02
1.219512195121951054e-01
2.994011976047904200e-02
7.382550335570470246e-02
6.444906444906445264e-02
3.999999999999999389e-02
1.130434782608695649e-01
6.896551724137929551e-02
1.318327974276526926e-01
1.049723756906077582e-01
6.896551724137929551e-02
1.318327974276526926e-01
8.474576271186440302e-02
6.444906444906445264e-02
5.263157894736841813e-02
1.851851851851852027e-01
2.800000000000000266e-01
1.219512195121951054e-01
6.444906444906445264e-02
2.499999999999999167e-01
7.906976744186045014e-02
1.318327974276526926e-01
4.918032786885245811e-02
1.130434782608695649e-01
6.444906444906445264e-02
2.035398230088494853e-01
1.049723756906077582e-01
1.552346570397112047e-01
7.906976744186045014e-02
7.382550335570470246e-02
7.906976744186045014e-02
2.773722627737226776e-02
3.999999999999999389e-02
7.534246575342453678e-01
2.364394993045896773e-02
9.762532981530343268e-02
1.219512195121951054e-01
4.918032786885245811e-02
6.896551724137929551e-02
2.564102564102564361e-02
6.896551724137929551e-02
1.219512195121951054e-01
1.049723756906077582e-01
4.593639575971731476e-02
5.263157894736841813e-02
2.800000000000000266e-01
6.024096385542168641e-02
1.219512195121951054e-01
6.024096385542168641e-02
4.288164665523156588e-02
1.130434782608695649e-01
1.428571428571428492e-01
2.499999999999999167e-01
1.318327974276526926e-01
1.318327974276526926e-01
8.474576271186440302e-02
6.444906444906445264e-02
2.564102564102564361e-02
8.474576271186440302e-02
8.474576271186440302e-02
1.219512195121951054e-01
