5.144291091593474613e-02
1.409090909090908728e-01
1.576354679802955683e-01
6.460674157303371301e-02
8.937605396290047854e-02
5.144291091593474613e-02
4.914004914004913710e-02
6.762589928057555211e-02
8.133971291866028130e-02
2.473867595818814435e-01
4.693140794223827489e-02
7.079646017699113558e-02
9.374999999999998612e-02
5.144291091593474613e-02
2.149532710280373793e-01
1.141732283464566983e-01
4.277456647398843875e-02
4.693140794223827489e-02
1.141732283464566983e-01
5.635648754914809877e-02
6.460674157303371301e-02
1.085714285714285549e-01
2.011834319526626669e-01
1.265822784810126389e-01
6.762589928057555211e-02
7.763975155279503881e-02
1.141732283464566983e-01
9.838998211091234958e-02
7.413010590015128853e-02
3.711790393013100070e-02
4.693140794223827489e-02
3.711790393013100070e-02
5.384615384615384220e-02
1.515151515151515367e-02
6.172839506172838470e-02
4.693140794223827489e-02
9.838998211091234958e-02
1.409090909090908728e-01
1.489361702127659504e-01
2.897102897102897187e-02
1.334792122538293324e-01
1.141732283464566983e-01
4.481132075471697812e-02
5.384615384615384220e-02
1.141732283464566983e-01
1.774193548387096864e-01
1.670951156812338911e-01
2.897102897102897187e-02
9.374999999999998612e-02
1.309328968903437224e-02
6.172839506172838470e-02
1.033210332103320778e-01
8.524590163934427089e-02
2.149532710280373793e-01
4.914004914004913710e-02
5.898123324396783301e-02
1.774193548387096864e-01
1.141732283464566983e-01
6.172839506172838470e-02
4.914004914004913710e-02
4.481132075471697812e-02
2.666666666666666630e-01
6.762589928057555211e-02
1.033210332103320778e-01
7.763975155279503881e-02
1.201629327902239974e-01
1.201629327902239974e-01
1.265822784810126389e-01
5.898123324396783301e-02
7.079646017699113558e-02
3.536977491961415532e-02
4.481132075471697812e-02
1.085714285714285549e-01
8.524590163934427089e-02
7.413010590015128853e-02
8.937605396290047854e-02
4.914004914004913710e-02
6.172839506172838470e-02
3.205791106514994937e-02
4.693140794223827489e-02
8.133971291866028130e-02
1.334792122538293324e-01
1.201629327902239974e-01
2.471482889733840269e-02
8.937605396290047854e-02
7.763975155279503881e-02
8.937605396290047854e-02
5.898123324396783301e-02
5.635648754914809877e-02
3.205791106514994937e-02
3.893214682981090136e-02
6.762589928057555211e-02
3.205791106514994937e-02
1.670951156812338911e-01
7.079646017699113558e-02
1.201629327902239974e-01
5.384615384615384220e-02
3.893214682981090136e-02
8.524590163934427089e-02
4.914004914004913710e-02
2.011834319526626669e-01
2.608695652173912902e-02
1.774193548387096864e-01
1.265822784810126389e-01
5.144291091593474613e-02
1.670951156812338911e-01
8.133971291866028130e-02
1.334792122538293324e-01
2.471482889733840269e-02
1.334792122538293324e-01
4.693140794223827489e-02
1.265822784810126389e-01
4.693140794223827489e-02
4.277456647398843875e-02
5.898123324396783301e-02
3.711790393013100070e-02
4.081632653061224164e-02
9.374999999999998612e-02
8.937605396290047854e-02
2.085222121486854027e-02
6.172839506172838470e-02
1.334792122538293324e-01
8.524590163934427089e-02
7.413010590015128853e-02
3.368421052631578871e-02
5.635648754914809877e-02
1.887323943661972092e-01
1.033210332103320778e-01
1.576354679802955683e-01
8.937605396290047854e-02
8.524590163934427089e-02
8.133971291866028130e-02
2.338634237605238461e-02
4.914004914004913710e-02
2.338634237605238461e-02
1.409090909090908728e-01
1.085714285714285549e-01
1.670951156812338911e-01
2.011834319526626669e-01
3.893214682981090136e-02
2.473867595818814435e-01
9.838998211091234958e-02
6.923076923076922906e-01
2.666666666666666630e-01
1.576354679802955683e-01
8.524590163934427089e-02
1.409090909090908728e-01
1.265822784810126389e-01
2.608695652173912902e-02
8.524590163934427089e-02
1.622544833475661474e-02
9.838998211091234958e-02
1.409090909090908728e-01
4.481132075471697812e-02
6.460674157303371301e-02
6.172839506172838470e-02
1.141732283464566983e-01
3.711790393013100070e-02
7.079646017699113558e-02
1.774193548387096864e-01
8.937605396290047854e-02
1.489361702127659504e-01
1.033210332103320778e-01
4.081632653061224164e-02
1.489361702127659504e-01
5.384615384615384220e-02
1.201629327902239974e-01
5.635648754914809877e-02
1.733102253032928891e-02
5.144291091593474613e-02
4.481132075471697812e-02
1.774193548387096864e-01
1.576354679802955683e-01
1.774193548387096864e-01
1.085714285714285549e-01
6.460674157303371301e-02
1.409090909090908728e-01
5.898123324396783301e-02
8.133971291866028130e-02
1.576354679802955683e-01
8.133971291866028130e-02
4.081632653061224164e-02
6.762589928057555211e-02
4.693140794223827489e-02
1.576354679802955683e-01
2.209944751381215378e-02
2.897102897102897187e-02
2.011834319526626669e-01
1.265822784810126389e-01
1.887323943661972092e-01
1.141732283464566983e-01
7.763975155279503881e-02
1.409090909090908728e-01
1.033210332103320778e-01
8.937605396290047854e-02
7.079646017699113558e-02
4.081632653061224164e-02
9.374999999999998612e-02
1.334792122538293324e-01
2.149532710280373793e-01
1.334792122538293324e-01
6.172839506172838470e-02
1.334792122538293324e-01
1.409090909090908728e-01
9.838998211091234958e-02
2.608695652173912902e-02
7.079646017699113558e-02
1.409090909090908728e-01
4.481132075471697812e-02
1.085714285714285549e-01
7.413010590015128853e-02
8.524590163934427089e-02
6.172839506172838470e-02
2.897102897102897187e-02
3.893214682981090136e-02
6.460674157303371301e-02
1.201629327902239974e-01
7.413010590015128853e-02
5.898123324396783301e-02
1.334792122538293324e-01
4.081632653061224164e-02
1.265822784810126389e-01
1.265822784810126389e-01
4.081632653061224164e-02
4.914004914004913710e-02
2.011834319526626669e-01
5.898123324396783301e-02
8.524590163934427089e-02
2.302631578947368640e-01
9.838998211091234958e-02
2.209944751381215378e-02
1.622544833475661474e-02
1.670951156812338911e-01
8.937605396290047854e-02
2.011834319526626669e-01
4.642857142857143016e-01
8.937605396290047854e-02
2.608695652173912902e-02
7.413010590015128853e-02
1.141732283464566983e-01
1.489361702127659504e-01
9.374999999999998612e-02
8.937605396290047854e-02
4.914004914004913710e-02
9.838998211091234958e-02
1.265822784810126389e-01
4.914004914004913710e-02
8.937605396290047854e-02
7.079646017699113558e-02
6.923076923076922906e-01
4.081632653061224164e-02
8.133971291866028130e-02
8.937605396290047854e-02
2.750491159135559638e-02
1.576354679802955683e-01
7.413010590015128853e-02
1.670951156812338911e-01
1.409090909090908728e-01
1.774193548387096864e-01
1.489361702127659504e-01
1.201629327902239974e-01
3.536977491961415532e-02
3.368421052631578871e-02
1.033210332103320778e-01
4.914004914004913710e-02
1.201629327902239974e-01
1.887323943661972092e-01
7.413010590015128853e-02
7.413010590015128853e-02
4.277456647398843875e-02
7.079646017699113558e-02
4.081632653061224164e-02
6.762589928057555211e-02
5.635648754914809877e-02
7.763975155279503881e-02
2.011834319526626669e-01
1.774193548387096864e-01
2.149532710280373793e-01
1.085714285714285549e-01
1.489361702127659504e-01
7.763975155279503881e-02
4.914004914004913710e-02
5.384615384615384220e-02
4.914004914004913710e-02
1.265822784810126389e-01
1.670951156812338911e-01
9.838998211091234958e-02
1.201629327902239974e-01
5.898123324396783301e-02
7.079646017699113558e-02
1.670951156812338911e-01
1.033210332103320778e-01
1.409090909090908728e-01
3.711790393013100070e-02
1.576354679802955683e-01
1.141732283464566983e-01
5.384615384615384220e-02
7.413010590015128853e-02
8.524590163934427089e-02
4.481132075471697812e-02
1.409090909090908728e-01
4.914004914004913710e-02
6.762589928057555211e-02
2.885375494071144020e-01
6.762589928057555211e-02
2.471482889733840269e-02
1.141732283464566983e-01
1.033210332103320778e-01
5.384615384615384220e-02
1.409090909090908728e-01
1.576354679802955683e-01
1.489361702127659504e-01
8.524590163934427089e-02
5.144291091593474613e-02
9.374999999999998612e-02
2.750491159135559638e-02
1.141732283464566983e-01
1.887323943661972092e-01
4.481132075471697812e-02
6.460674157303371301e-02
8.133971291866028130e-02
1.670951156812338911e-01
1.576354679802955683e-01
7.413010590015128853e-02
2.666666666666666630e-01
5.898123324396783301e-02
8.937605396290047854e-02
6.172839506172838470e-02
1.141732283464566983e-01
4.914004914004913710e-02
6.172839506172838470e-02
1.670951156812338911e-01
3.711790393013100070e-02
2.011834319526626669e-01
5.384615384615384220e-02
1.774193548387096864e-01
7.079646017699113558e-02
1.489361702127659504e-01
3.893214682981090136e-02
5.898123324396783301e-02
7.413010590015128853e-02
7.763975155279503881e-02
1.033210332103320778e-01
3.368421052631578871e-02
1.085714285714285549e-01
1.670951156812338911e-01
1.265822784810126389e-01
1.033210332103320778e-01
9.838998211091234958e-02
1.201629327902239974e-01
7.079646017699113558e-02
1.141732283464566983e-01
1.334792122538293324e-01
4.481132075471697812e-02
1.670951156812338911e-01
1.201629327902239974e-01
1.085714285714285549e-01
4.277456647398843875e-02
7.763975155279503881e-02
2.897102897102897187e-02
7.079646017699113558e-02
1.085714285714285549e-01
5.635648754914809877e-02
9.374999999999998612e-02
1.489361702127659504e-01
6.460674157303371301e-02
6.762589928057555211e-02
4.914004914004913710e-02
1.670951156812338911e-01
1.409090909090908728e-01
5.144291091593474613e-02
8.133971291866028130e-02
1.576354679802955683e-01
8.524590163934427089e-02
7.763975155279503881e-02
8.133971291866028130e-02
1.774193548387096864e-01
5.898123324396783301e-02
4.693140794223827489e-02
9.374999999999998612e-02
4.914004914004913710e-02
8.133971291866028130e-02
9.374999999999998612e-02
1.409090909090908728e-01
8.524590163934427089e-02
9.374999999999998612e-02
8.133971291866028130e-02
2.338634237605238461e-02
1.774193548387096864e-01
1.265822784810126389e-01
9.374999999999998612e-02
1.334792122538293324e-01
1.033210332103320778e-01
1.033210332103320778e-01
1.733102253032928891e-02
9.838998211091234958e-02
3.536977491961415532e-02
1.576354679802955683e-01
8.133971291866028130e-02
8.133971291866028130e-02
1.576354679802955683e-01
1.576354679802955683e-01
8.133971291866028130e-02
7.079646017699113558e-02
1.265822784810126389e-01
1.141732283464566983e-01
1.085714285714285549e-01
2.666666666666666630e-01
1.085714285714285549e-01
5.144291091593474613e-02
1.033210332103320778e-01
1.141732283464566983e-01
7.079646017699113558e-02
9.838998211091234958e-02
9.374999999999998612e-02
8.524590163934427089e-02
9.838998211091234958e-02
3.205791106514994937e-02
9.838998211091234958e-02
1.489361702127659504e-01
1.265822784810126389e-01
1.085714285714285549e-01
3.205791106514994937e-02
4.081632653061224164e-02
6.762589928057555211e-02
9.838998211091234958e-02
1.576354679802955683e-01
6.762589928057555211e-02
1.576354679802955683e-01
1.265822784810126389e-01
1.670951156812338911e-01
2.750491159135559638e-02
1.733102253032928891e-02
9.838998211091234958e-02
9.374999999999998612e-02
1.033210332103320778e-01
1.033210332103320778e-01
1.033210332103320778e-01
8.133971291866028130e-02
9.374999999999998612e-02
1.085714285714285549e-01
9.374999999999998612e-02
7.079646017699113558e-02
1.622544833475661474e-02
8.524590163934427089e-02
2.750491159135559638e-02
7.763975155279503881e-02
1.774193548387096864e-01
8.133971291866028130e-02
1.265822784810126389e-01
1.576354679802955683e-01
4.081632653061224164e-02
8.937605396290047854e-02
8.133971291866028130e-02
5.144291091593474613e-02
8.133971291866028130e-02
5.384615384615384220e-02
8.524590163934427089e-02
1.033210332103320778e-01
2.302631578947368640e-01
8.524590163934427089e-02
2.011834319526626669e-01
2.149532710280373793e-01
5.144291091593474613e-02
1.141732283464566983e-01
4.914004914004913710e-02
7.079646017699113558e-02
8.937605396290047854e-02
1.141732283464566983e-01
8.133971291866028130e-02
7.413010590015128853e-02
1.085714285714285549e-01
7.413010590015128853e-02
2.338634237605238461e-02
1.334792122538293324e-01
8.199999999999988409e-01
1.576354679802955683e-01
1.334792122538293324e-01
1.265822784810126389e-01
1.201629327902239974e-01
4.481132075471697812e-02
6.460674157303371301e-02
1.334792122538293324e-01
7.413010590015128853e-02
9.374999999999998612e-02
4.693140794223827489e-02
6.762589928057555211e-02
4.481132075471697812e-02
1.265822784810126389e-01
4.914004914004913710e-02
4.277456647398843875e-02
4.081632653061224164e-02
1.489361702127659504e-01
9.838998211091234958e-02
2.011834319526626669e-01
3.368421052631578871e-02
5.144291091593474613e-02
8.133971291866028130e-02
1.774193548387096864e-01
6.762589928057555211e-02
8.133971291866028130e-02
9.838998211091234958e-02
8.937605396290047854e-02
4.081632653061224164e-02
5.635648754914809877e-02
1.887323943661972092e-01
8.524590163934427089e-02
6.460674157303371301e-02
8.937605396290047854e-02
1.265822784810126389e-01
1.033210332103320778e-01
1.201629327902239974e-01
5.635648754914809877e-02
9.374999999999998612e-02
1.774193548387096864e-01
4.481132075471697812e-02
1.887323943661972092e-01
8.524590163934427089e-02
1.085714285714285549e-01
1.887323943661972092e-01
8.937605396290047854e-02
2.302631578947368640e-01
6.460674157303371301e-02
1.774193548387096864e-01
5.898123324396783301e-02
1.265822784810126389e-01
8.133971291866028130e-02
8.133971291866028130e-02
2.666666666666666630e-01
6.460674157303371301e-02
1.334792122538293324e-01
8.524590163934427089e-02
9.838998211091234958e-02
1.489361702127659504e-01
1.409090909090908728e-01
7.763975155279503881e-02
1.670951156812338911e-01
3.893214682981090136e-02
4.914004914004913710e-02
9.838998211091234958e-02
1.576354679802955683e-01
8.524590163934427089e-02
4.914004914004913710e-02
2.885375494071144020e-01
8.199999999999988409e-01
2.471482889733840269e-02
8.524590163934427089e-02
4.277456647398843875e-02
1.334792122538293324e-01
4.914004914004913710e-02
1.774193548387096864e-01
7.413010590015128853e-02
1.774193548387096864e-01
8.133971291866028130e-02
4.481132075471697812e-02
1.085714285714285549e-01
1.141732283464566983e-01
8.937605396290047854e-02
1.201629327902239974e-01
1.201629327902239974e-01
7.763975155279503881e-02
3.711790393013100070e-02
7.079646017699113558e-02
5.144291091593474613e-02
2.471482889733840269e-02
5.231788079470193198e-01
4.081632653061224164e-02
6.460674157303371301e-02
4.081632653061224164e-02
6.172839506172838470e-02
6.762589928057555211e-02
3.048780487804877634e-02
8.524590163934427089e-02
3.368421052631578871e-02
1.265822784810126389e-01
7.763975155279503881e-02
1.033210332103320778e-01
8.524590163934427089e-02
2.302631578947368640e-01
3.711790393013100070e-02
5.970149253731339423e-01
7.079646017699113558e-02
9.374999999999998612e-02
1.033210332103320778e-01
6.172839506172838470e-02
6.460674157303371301e-02
6.762589928057555211e-02
1.964285714285714593e-02
1.141732283464566983e-01
1.489361702127659504e-01
5.144291091593474613e-02
1.141732283464566983e-01
4.277456647398843875e-02
4.081632653061224164e-02
5.898123324396783301e-02
8.133971291866028130e-02
1.265822784810126389e-01
1.201629327902239974e-01
7.079646017699113558e-02
9.838998211091234958e-02
6.762589928057555211e-02
3.536977491961415532e-02
7.413010590015128853e-02
6.762589928057555211e-02
5.635648754914809877e-02
8.524590163934427089e-02
4.277456647398843875e-02
5.384615384615384220e-02
1.265822784810126389e-01
6.460674157303371301e-02
5.384615384615384220e-02
1.576354679802955683e-01
6.172839506172838470e-02
7.763975155279503881e-02
3.368421052631578871e-02
3.711790393013100070e-02
8.524590163934427089e-02
2.302631578947368640e-01
5.898123324396783301e-02
7.413010590015128853e-02
9.838998211091234958e-02
5.144291091593474613e-02
2.085222121486854027e-02
3.368421052631578871e-02
5.384615384615384220e-02
4.277456647398843875e-02
8.133971291866028130e-02
4.693140794223827489e-02
3.048780487804877634e-02
8.524590163934427089e-02
9.838998211091234958e-02
6.460674157303371301e-02
2.897102897102897187e-02
2.885375494071144020e-01
1.334792122538293324e-01
5.384615384615384220e-02
6.172839506172838470e-02
1.670951156812338911e-01
8.524590163934427089e-02
9.838998211091234958e-02
4.081632653061224164e-02
9.374999999999998612e-02
1.334792122538293324e-01
3.048780487804877634e-02
1.334792122538293324e-01
9.374999999999998612e-02
1.141732283464566983e-01
1.774193548387096864e-01
1.085714285714285549e-01
1.265822784810126389e-01
1.201629327902239974e-01
1.670951156812338911e-01
2.011834319526626669e-01
3.711790393013100070e-02
6.762589928057555211e-02
7.763975155279503881e-02
6.172839506172838470e-02
3.893214682981090136e-02
1.085714285714285549e-01
1.085714285714285549e-01
1.334792122538293324e-01
5.384615384615384220e-02
9.374999999999998612e-02
8.524590163934427089e-02
1.409090909090908728e-01
1.085714285714285549e-01
8.133971291866028130e-02
9.374999999999998612e-02
2.302631578947368640e-01
1.334792122538293324e-01
1.774193548387096864e-01
9.838998211091234958e-02
5.898123324396783301e-02
3.424657534246575152e-01
6.762589928057555211e-02
1.887323943661972092e-01
1.334792122538293324e-01
4.693140794223827489e-02
7.079646017699113558e-02
7.079646017699113558e-02
1.265822784810126389e-01
9.838998211091234958e-02
4.277456647398843875e-02
8.524590163934427089e-02
4.081632653061224164e-02
7.763975155279503881e-02
8.133971291866028130e-02
1.201629327902239974e-01
3.368421052631578871e-02
7.763975155279503881e-02
2.750491159135559638e-02
4.162162162162160173e-01
4.081632653061224164e-02
3.536977491961415532e-02
5.384615384615384220e-02
1.265822784810126389e-01
8.937605396290047854e-02
1.085714285714285549e-01
1.409090909090908728e-01
1.576354679802955683e-01
1.265822784810126389e-01
1.334792122538293324e-01
8.524590163934427089e-02
8.937605396290047854e-02
1.085714285714285549e-01
1.201629327902239974e-01
8.133971291866028130e-02
1.085714285714285549e-01
1.774193548387096864e-01
2.897102897102897187e-02
4.081632653061224164e-02
8.524590163934427089e-02
4.481132075471697812e-02
1.409090909090908728e-01
1.033210332103320778e-01
1.033210332103320778e-01
4.914004914004913710e-02
1.409090909090908728e-01
1.033210332103320778e-01
5.898123324396783301e-02
5.144291091593474613e-02
1.576354679802955683e-01
8.524590163934427089e-02
1.085714285714285549e-01
4.693140794223827489e-02
3.893214682981090136e-02
6.762589928057555211e-02
1.033210332103320778e-01
8.133971291866028130e-02
6.172839506172838470e-02
4.481132075471697812e-02
1.334792122538293324e-01
8.524590163934427089e-02
1.085714285714285549e-01
1.489361702127659504e-01
1.265822784810126389e-01
3.711790393013100070e-02
1.489361702127659504e-01
1.489361702127659504e-01
7.413010590015128853e-02
3.536977491961415532e-02
1.964285714285714593e-02
9.838998211091234958e-02
3.205791106514994937e-02
1.774193548387096864e-01
1.887323943661972092e-01
4.914004914004913710e-02
6.172839506172838470e-02
4.081632653061224164e-02
4.277456647398843875e-02
3.536977491961415532e-02
8.937605396290047854e-02
1.334792122538293324e-01
3.536977491961415532e-02
1.265822784810126389e-01
1.201629327902239974e-01
1.576354679802955683e-01
5.635648754914809877e-02
7.413010590015128853e-02
3.368421052631578871e-02
2.085222121486854027e-02
1.964285714285714593e-02
6.460674157303371301e-02
7.079646017699113558e-02
9.374999999999998612e-02
1.265822784810126389e-01
1.334792122538293324e-01
1.141732283464566983e-01
5.898123324396783301e-02
1.201629327902239974e-01
2.209944751381215378e-02
7.079646017699113558e-02
1.489361702127659504e-01
5.635648754914809877e-02
1.887323943661972092e-01
1.670951156812338911e-01
1.201629327902239974e-01
8.133971291866028130e-02
2.011834319526626669e-01
7.413010590015128853e-02
2.338634237605238461e-02
1.887323943661972092e-01
7.079646017699113558e-02
2.149532710280373793e-01
1.033210332103320778e-01
1.409090909090908728e-01
1.489361702127659504e-01
1.201629327902239974e-01
1.201629327902239974e-01
8.133971291866028130e-02
9.374999999999998612e-02
1.489361702127659504e-01
2.897102897102897187e-02
3.711790393013100070e-02
7.413010590015128853e-02
1.033210332103320778e-01
6.460674157303371301e-02
8.133971291866028130e-02
1.085714285714285549e-01
1.334792122538293324e-01
4.081632653061224164e-02
1.141732283464566983e-01
5.231788079470193198e-01
1.887323943661972092e-01
6.762589928057555211e-02
1.201629327902239974e-01
8.133971291866028130e-02
8.524590163934427089e-02
5.384615384615384220e-02
6.172839506172838470e-02
5.898123324396783301e-02
1.334792122538293324e-01
1.489361702127659504e-01
5.144291091593474613e-02
6.460674157303371301e-02
1.033210332103320778e-01
6.762589928057555211e-02
1.670951156812338911e-01
9.838998211091234958e-02
4.914004914004913710e-02
1.774193548387096864e-01
1.085714285714285549e-01
5.898123324396783301e-02
1.774193548387096864e-01
1.141732283464566983e-01
1.774193548387096864e-01
5.635648754914809877e-02
9.838998211091234958e-02
3.368421052631578871e-02
9.838998211091234958e-02
1.887323943661972092e-01
1.489361702127659504e-01
9.374999999999998612e-02
8.937605396290047854e-02
1.265822784810126389e-01
6.762589928057555211e-02
5.144291091593474613e-02
1.409090909090908728e-01
1.033210332103320778e-01
2.011834319526626669e-01
9.838998211091234958e-02
1.141732283464566983e-01
1.033210332103320778e-01
5.898123324396783301e-02
1.334792122538293324e-01
7.079646017699113558e-02
2.897102897102897187e-02
8.524590163934427089e-02
5.635648754914809877e-02
8.133971291866028130e-02
4.081632653061224164e-02
9.838998211091234958e-02
1.085714285714285549e-01
6.460674157303371301e-02
1.033210332103320778e-01
8.524590163934427089e-02
3.536977491961415532e-02
5.635648754914809877e-02
9.374999999999998612e-02
8.937605396290047854e-02
1.265822784810126389e-01
1.409090909090908728e-01
1.141732283464566983e-01
8.133971291866028130e-02
3.711790393013100070e-02
9.374999999999998612e-02
4.914004914004913710e-02
5.898123324396783301e-02
1.265822784810126389e-01
1.489361702127659504e-01
1.201629327902239974e-01
5.144291091593474613e-02
9.838998211091234958e-02
1.409090909090908728e-01
1.141732283464566983e-01
7.763975155279503881e-02
9.374999999999998612e-02
1.409090909090908728e-01
4.481132075471697812e-02
1.774193548387096864e-01
7.763975155279503881e-02
4.914004914004913710e-02
1.489361702127659504e-01
3.893214682981090136e-02
1.201629327902239974e-01
5.144291091593474613e-02
7.413010590015128853e-02
1.887323943661972092e-01
4.481132075471697812e-02
2.666666666666666630e-01
1.409090909090908728e-01
7.413010590015128853e-02
9.374999999999998612e-02
8.133971291866028130e-02
1.733102253032928891e-02
4.481132075471697812e-02
1.033210332103320778e-01
6.762589928057555211e-02
3.205791106514994937e-02
1.201629327902239974e-01
6.923076923076922906e-01
1.085714285714285549e-01
1.201629327902239974e-01
1.409090909090908728e-01
7.763975155279503881e-02
8.524590163934427089e-02
1.265822784810126389e-01
1.201629327902239974e-01
4.693140794223827489e-02
9.838998211091234958e-02
5.635648754914809877e-02
3.424657534246575152e-01
5.384615384615384220e-02
1.334792122538293324e-01
7.413010590015128853e-02
1.141732283464566983e-01
7.763975155279503881e-02
2.149532710280373793e-01
1.265822784810126389e-01
1.489361702127659504e-01
1.085714285714285549e-01
3.711790393013100070e-02
8.524590163934427089e-02
1.409090909090908728e-01
2.338634237605238461e-02
1.670951156812338911e-01
7.763975155279503881e-02
1.141732283464566983e-01
7.079646017699113558e-02
1.733102253032928891e-02
9.374999999999998612e-02
1.489361702127659504e-01
7.763975155279503881e-02
1.887323943661972092e-01
4.693140794223827489e-02
3.893214682981090136e-02
8.524590163934427089e-02
8.937605396290047854e-02
1.887323943661972092e-01
1.576354679802955683e-01
1.774193548387096864e-01
5.384615384615384220e-02
7.763975155279503881e-02
1.774193548387096864e-01
5.898123324396783301e-02
1.141732283464566983e-01
1.085714285714285549e-01
7.079646017699113558e-02
4.081632653061224164e-02
1.141732283464566983e-01
9.374999999999998612e-02
9.838998211091234958e-02
1.334792122538293324e-01
6.762589928057555211e-02
8.524590163934427089e-02
6.460674157303371301e-02
3.893214682981090136e-02
5.635648754914809877e-02
6.460674157303371301e-02
9.374999999999998612e-02
8.133971291866028130e-02
3.536977491961415532e-02
5.898123324396783301e-02
6.460674157303371301e-02
2.085222121486854027e-02
7.413010590015128853e-02
8.937605396290047854e-02
1.265822784810126389e-01
4.914004914004913710e-02
5.898123324396783301e-02
8.524590163934427089e-02
4.693140794223827489e-02
8.937605396290047854e-02
7.413010590015128853e-02
5.898123324396783301e-02
4.693140794223827489e-02
1.033210332103320778e-01
2.897102897102897187e-02
5.384615384615384220e-02
1.489361702127659504e-01
7.413010590015128853e-02
7.079646017699113558e-02
5.898123324396783301e-02
1.201629327902239974e-01
1.085714285714285549e-01
8.524590163934427089e-02
6.460674157303371301e-02
7.079646017699113558e-02
3.536977491961415532e-02
1.141732283464566983e-01
7.413010590015128853e-02
9.374999999999998612e-02
9.374999999999998612e-02
5.635648754914809877e-02
8.133971291866028130e-02
1.489361702127659504e-01
1.774193548387096864e-01
7.763975155279503881e-02
1.576354679802955683e-01
4.081632653061224164e-02
1.774193548387096864e-01
1.489361702127659504e-01
2.885375494071144020e-01
7.079646017699113558e-02
9.374999999999998612e-02
7.413010590015128853e-02
1.334792122538293324e-01
2.011834319526626669e-01
1.334792122538293324e-01
5.635648754914809877e-02
1.409090909090908728e-01
1.033210332103320778e-01
1.201629327902239974e-01
6.762589928057555211e-02
6.762589928057555211e-02
7.763975155279503881e-02
5.898123324396783301e-02
8.524590163934427089e-02
1.409090909090908728e-01
1.334792122538293324e-01
4.914004914004913710e-02
7.079646017699113558e-02
1.265822784810126389e-01
1.085714285714285549e-01
2.209944751381215378e-02
5.635648754914809877e-02
8.133971291866028130e-02
6.762589928057555211e-02
4.914004914004913710e-02
6.762589928057555211e-02
1.085714285714285549e-01
1.409090909090908728e-01
1.201629327902239974e-01
1.515151515151515367e-02
4.481132075471697812e-02
1.201629327902239974e-01
1.201629327902239974e-01
7.079646017699113558e-02
1.265822784810126389e-01
1.576354679802955683e-01
2.897102897102897187e-02
2.885375494071144020e-01
8.524590163934427089e-02
1.201629327902239974e-01
1.201629327902239974e-01
3.048780487804877634e-02
1.265822784810126389e-01
5.144291091593474613e-02
1.887323943661972092e-01
9.374999999999998612e-02
5.384615384615384220e-02
7.763975155279503881e-02
1.334792122538293324e-01
7.413010590015128853e-02
4.081632653061224164e-02
6.762589928057555211e-02
3.711790393013100070e-02
3.893214682981090136e-02
5.384615384615384220e-02
1.515151515151515367e-02
1.265822784810126389e-01
1.201629327902239974e-01
2.471482889733840269e-02
6.172839506172838470e-02
1.576354679802955683e-01
5.384615384615384220e-02
9.838998211091234958e-02
5.635648754914809877e-02
1.576354679802955683e-01
1.141732283464566983e-01
1.670951156812338911e-01
7.763975155279503881e-02
1.489361702127659504e-01
8.133971291866028130e-02
1.409090909090908728e-01
1.265822784810126389e-01
4.693140794223827489e-02
1.033210332103320778e-01
9.838998211091234958e-02
1.334792122538293324e-01
5.144291091593474613e-02
9.838998211091234958e-02
5.898123324396783301e-02
1.265822784810126389e-01
8.133971291866028130e-02
1.489361702127659504e-01
7.413010590015128853e-02
1.576354679802955683e-01
7.413010590015128853e-02
1.334792122538293324e-01
1.576354679802955683e-01
6.460674157303371301e-02
5.898123324396783301e-02
9.838998211091234958e-02
6.762589928057555211e-02
4.277456647398843875e-02
1.265822784810126389e-01
5.898123324396783301e-02
7.079646017699113558e-02
1.489361702127659504e-01
8.133971291866028130e-02
1.670951156812338911e-01
8.133971291866028130e-02
9.374999999999998612e-02
9.374999999999998612e-02
3.368421052631578871e-02
1.334792122538293324e-01
5.144291091593474613e-02
2.608695652173912902e-02
8.937605396290047854e-02
1.887323943661972092e-01
6.172839506172838470e-02
1.334792122538293324e-01
1.670951156812338911e-01
1.670951156812338911e-01
2.149532710280373793e-01
1.489361702127659504e-01
4.693140794223827489e-02
1.201629327902239974e-01
9.374999999999998612e-02
8.133971291866028130e-02
9.374999999999998612e-02
5.898123324396783301e-02
7.763975155279503881e-02
1.085714285714285549e-01
5.144291091593474613e-02
5.898123324396783301e-02
6.762589928057555211e-02
4.081632653061224164e-02
4.914004914004913710e-02
4.914004914004913710e-02
9.374999999999998612e-02
1.085714285714285549e-01
1.334792122538293324e-01
4.081632653061224164e-02
6.172839506172838470e-02
1.670951156812338911e-01
1.201629327902239974e-01
9.838998211091234958e-02
2.338634237605238461e-02
4.277456647398843875e-02
1.201629327902239974e-01
9.374999999999998612e-02
5.635648754914809877e-02
1.846965699208443293e-02
9.838998211091234958e-02
1.033210332103320778e-01
3.711790393013100070e-02
6.762589928057555211e-02
3.711790393013100070e-02
1.141732283464566983e-01
6.762589928057555211e-02
9.838998211091234958e-02
8.937605396290047854e-02
1.033210332103320778e-01
1.334792122538293324e-01
1.887323943661972092e-01
1.409090909090908728e-01
1.334792122538293324e-01
6.762589928057555211e-02
4.081632653061224164e-02
8.937605396290047854e-02
3.536977491961415532e-02
4.277456647398843875e-02
2.302631578947368640e-01
3.893214682981090136e-02
5.898123324396783301e-02
9.838998211091234958e-02
1.033210332103320778e-01
1.409090909090908728e-01
7.763975155279503881e-02
2.750491159135559638e-02
7.413010590015128853e-02
5.898123324396783301e-02
1.774193548387096864e-01
2.338634237605238461e-02
1.085714285714285549e-01
1.887323943661972092e-01
1.033210332103320778e-01
2.473867595818814435e-01
1.033210332103320778e-01
2.471482889733840269e-02
1.846965699208443293e-02
6.460674157303371301e-02
2.011834319526626669e-01
5.635648754914809877e-02
2.473867595818814435e-01
1.887323943661972092e-01
1.670951156812338911e-01
4.914004914004913710e-02
8.133971291866028130e-02
9.838998211091234958e-02
2.750491159135559638e-02
6.460674157303371301e-02
3.048780487804877634e-02
1.489361702127659504e-01
5.384615384615384220e-02
1.670951156812338911e-01
5.144291091593474613e-02
1.334792122538293324e-01
3.048780487804877634e-02
2.085222121486854027e-02
7.413010590015128853e-02
1.409090909090908728e-01
2.302631578947368640e-01
1.489361702127659504e-01
2.473867595818814435e-01
7.763975155279503881e-02
8.133971291866028130e-02
8.937605396290047854e-02
5.898123324396783301e-02
6.172839506172838470e-02
1.334792122538293324e-01
7.763975155279503881e-02
9.374999999999998612e-02
1.887323943661972092e-01
7.079646017699113558e-02
3.893214682981090136e-02
8.524590163934427089e-02
5.384615384615384220e-02
1.141732283464566983e-01
1.409090909090908728e-01
6.172839506172838470e-02
3.711790393013100070e-02
6.762589928057555211e-02
8.524590163934427089e-02
8.937605396290047854e-02
7.763975155279503881e-02
5.144291091593474613e-02
2.338634237605238461e-02
5.384615384615384220e-02
1.964285714285714593e-02
1.670951156812338911e-01
1.774193548387096864e-01
1.085714285714285549e-01
1.033210332103320778e-01
5.898123324396783301e-02
4.914004914004913710e-02
1.334792122538293324e-01
1.201629327902239974e-01
1.576354679802955683e-01
1.733102253032928891e-02
7.763975155279503881e-02
4.277456647398843875e-02
1.141732283464566983e-01
9.838998211091234958e-02
1.515151515151515367e-02
1.774193548387096864e-01
8.937605396290047854e-02
4.693140794223827489e-02
1.576354679802955683e-01
1.622544833475661474e-02
6.762589928057555211e-02
1.670951156812338911e-01
7.079646017699113558e-02
5.144291091593474613e-02
5.144291091593474613e-02
1.489361702127659504e-01
7.763975155279503881e-02
3.368421052631578871e-02
3.893214682981090136e-02
2.885375494071144020e-01
9.374999999999998612e-02
6.172839506172838470e-02
8.937605396290047854e-02
6.172839506172838470e-02
1.201629327902239974e-01
1.489361702127659504e-01
5.144291091593474613e-02
2.085222121486854027e-02
6.762589928057555211e-02
1.489361702127659504e-01
7.413010590015128853e-02
9.374999999999998612e-02
6.172839506172838470e-02
8.937605396290047854e-02
1.622544833475661474e-02
6.460674157303371301e-02
5.231788079470193198e-01
2.897102897102897187e-02
1.670951156812338911e-01
3.368421052631578871e-02
9.838998211091234958e-02
1.964285714285714593e-02
1.265822784810126389e-01
1.141732283464566983e-01
9.838998211091234958e-02
1.265822784810126389e-01
6.460674157303371301e-02
6.762589928057555211e-02
2.338634237605238461e-02
1.201629327902239974e-01
1.409090909090908728e-01
7.079646017699113558e-02
5.384615384615384220e-02
1.576354679802955683e-01
1.576354679802955683e-01
3.711790393013100070e-02
1.033210332103320778e-01
4.914004914004913710e-02
1.085714285714285549e-01
1.265822784810126389e-01
3.048780487804877634e-02
1.309328968903437224e-02
1.033210332103320778e-01
9.374999999999998612e-02
8.524590163934427089e-02
7.763975155279503881e-02
3.893214682981090136e-02
1.141732283464566983e-01
1.774193548387096864e-01
4.277456647398843875e-02
1.033210332103320778e-01
9.374999999999998612e-02
7.763975155279503881e-02
3.536977491961415532e-02
5.384615384615384220e-02
1.846965699208443293e-02
5.144291091593474613e-02
7.079646017699113558e-02
2.149532710280373793e-01
6.172839506172838470e-02
1.265822784810126389e-01
9.838998211091234958e-02
5.635648754914809877e-02
7.079646017699113558e-02
7.763975155279503881e-02
8.524590163934427089e-02
8.133971291866028130e-02
7.763975155279503881e-02
1.489361702127659504e-01
9.374999999999998612e-02
2.149532710280373793e-01
5.898123324396783301e-02
6.172839506172838470e-02
3.893214682981090136e-02
8.524590163934427089e-02
7.413010590015128853e-02
3.368421052631578871e-02
2.149532710280373793e-01
3.893214682981090136e-02
6.762589928057555211e-02
1.265822784810126389e-01
1.489361702127659504e-01
2.750491159135559638e-02
2.302631578947368640e-01
1.085714285714285549e-01
5.384615384615384220e-02
2.149532710280373793e-01
1.489361702127659504e-01
8.133971291866028130e-02
9.838998211091234958e-02
6.762589928057555211e-02
8.524590163934427089e-02
1.887323943661972092e-01
1.576354679802955683e-01
2.011834319526626669e-01
8.937605396290047854e-02
9.838998211091234958e-02
9.838998211091234958e-02
6.172839506172838470e-02
9.374999999999998612e-02
1.576354679802955683e-01
8.524590163934427089e-02
1.085714285714285549e-01
1.409090909090908728e-01
1.409090909090908728e-01
1.033210332103320778e-01
2.750491159135559638e-02
7.763975155279503881e-02
5.144291091593474613e-02
3.048780487804877634e-02
3.368421052631578871e-02
1.489361702127659504e-01
1.265822784810126389e-01
2.608695652173912902e-02
1.409090909090908728e-01
5.635648754914809877e-02
1.489361702127659504e-01
4.277456647398843875e-02
1.489361702127659504e-01
1.670951156812338911e-01
5.898123324396783301e-02
3.048780487804877634e-02
5.898123324396783301e-02
8.524590163934427089e-02
3.135593220338981912e-01
1.141732283464566983e-01
7.763975155279503881e-02
2.750491159135559638e-02
1.141732283464566983e-01
6.762589928057555211e-02
1.334792122538293324e-01
1.774193548387096864e-01
6.923076923076922906e-01
1.489361702127659504e-01
8.524590163934427089e-02
6.172839506172838470e-02
7.079646017699113558e-02
1.409090909090908728e-01
1.576354679802955683e-01
3.205791106514994937e-02
1.265822784810126389e-01
6.460674157303371301e-02
6.762589928057555211e-02
3.536977491961415532e-02
8.133971291866028130e-02
9.374999999999998612e-02
2.085222121486854027e-02
2.149532710280373793e-01
1.576354679802955683e-01
6.762589928057555211e-02
8.199999999999988409e-01
8.524590163934427089e-02
1.409090909090908728e-01
1.622544833475661474e-02
7.413010590015128853e-02
3.711790393013100070e-02
8.937605396290047854e-02
6.172839506172838470e-02
5.144291091593474613e-02
4.277456647398843875e-02
6.460674157303371301e-02
1.334792122538293324e-01
1.774193548387096864e-01
4.081632653061224164e-02
4.693140794223827489e-02
8.937605396290047854e-02
3.893214682981090136e-02
2.149532710280373793e-01
8.133971291866028130e-02
1.489361702127659504e-01
7.079646017699113558e-02
9.838998211091234958e-02
3.893214682981090136e-02
1.334792122538293324e-01
6.172839506172838470e-02
8.524590163934427089e-02
1.733102253032928891e-02
1.576354679802955683e-01
5.144291091593474613e-02
6.762589928057555211e-02
1.033210332103320778e-01
9.374999999999998612e-02
9.838998211091234958e-02
7.763975155279503881e-02
5.144291091593474613e-02
5.898123324396783301e-02
1.887323943661972092e-01
4.914004914004913710e-02
3.893214682981090136e-02
1.489361702127659504e-01
1.515151515151515367e-02
1.409090909090908728e-01
1.774193548387096864e-01
1.033210332103320778e-01
1.085714285714285549e-01
8.524590163934427089e-02
1.334792122538293324e-01
4.481132075471697812e-02
1.265822784810126389e-01
1.141732283464566983e-01
1.846965699208443293e-02
1.201629327902239974e-01
1.201629327902239974e-01
6.172839506172838470e-02
3.762376237623759057e-01
5.898123324396783301e-02
2.885375494071144020e-01
1.622544833475661474e-02
9.838998211091234958e-02
4.914004914004913710e-02
5.144291091593474613e-02
4.693140794223827489e-02
2.666666666666666630e-01
1.085714285714285549e-01
1.774193548387096864e-01
6.460674157303371301e-02
3.368421052631578871e-02
4.693140794223827489e-02
7.763975155279503881e-02
4.693140794223827489e-02
6.172839506172838470e-02
3.205791106514994937e-02
1.334792122538293324e-01
1.576354679802955683e-01
1.265822784810126389e-01
4.277456647398843875e-02
2.338634237605238461e-02
7.763975155279503881e-02
7.413010590015128853e-02
1.334792122538293324e-01
8.133971291866028130e-02
4.277456647398843875e-02
2.608695652173912902e-02
7.763975155279503881e-02
4.277456647398843875e-02
1.489361702127659504e-01
1.033210332103320778e-01
9.838998211091234958e-02
3.536977491961415532e-02
1.887323943661972092e-01
2.011834319526626669e-01
3.893214682981090136e-02
7.763975155279503881e-02
6.172839506172838470e-02
9.374999999999998612e-02
1.201629327902239974e-01
1.033210332103320778e-01
5.384615384615384220e-02
4.277456647398843875e-02
2.473867595818814435e-01
1.265822784810126389e-01
1.409090909090908728e-01
6.762589928057555211e-02
6.172839506172838470e-02
8.937605396290047854e-02
1.489361702127659504e-01
7.763975155279503881e-02
1.201629327902239974e-01
1.409090909090908728e-01
1.085714285714285549e-01
1.201629327902239974e-01
1.265822784810126389e-01
2.750491159135559638e-02
3.368421052631578871e-02
4.693140794223827489e-02
2.011834319526626669e-01
3.711790393013100070e-02
1.265822784810126389e-01
5.898123324396783301e-02
9.838998211091234958e-02
2.149532710280373793e-01
9.838998211091234958e-02
7.763975155279503881e-02
1.033210332103320778e-01
1.409090909090908728e-01
1.265822784810126389e-01
7.763975155279503881e-02
5.898123324396783301e-02
1.085714285714285549e-01
1.033210332103320778e-01
1.576354679802955683e-01
5.898123324396783301e-02
5.144291091593474613e-02
2.750491159135559638e-02
5.384615384615384220e-02
1.201629327902239974e-01
7.413010590015128853e-02
1.085714285714285549e-01
1.334792122538293324e-01
1.085714285714285549e-01
5.144291091593474613e-02
4.081632653061224164e-02
5.231788079470193198e-01
6.460674157303371301e-02
8.133971291866028130e-02
5.635648754914809877e-02
6.460674157303371301e-02
4.693140794223827489e-02
7.763975155279503881e-02
2.302631578947368640e-01
1.489361702127659504e-01
9.374999999999998612e-02
2.149532710280373793e-01
1.576354679802955683e-01
1.334792122538293324e-01
6.172839506172838470e-02
2.473867595818814435e-01
1.141732283464566983e-01
9.838998211091234958e-02
3.711790393013100070e-02
4.914004914004913710e-02
4.081632653061224164e-02
7.413010590015128853e-02
4.914004914004913710e-02
3.205791106514994937e-02
1.033210332103320778e-01
1.576354679802955683e-01
1.141732283464566983e-01
7.079646017699113558e-02
1.033210332103320778e-01
5.898123324396783301e-02
1.334792122538293324e-01
5.635648754914809877e-02
9.374999999999998612e-02
6.172839506172838470e-02
2.338634237605238461e-02
1.085714285714285549e-01
1.846965699208443293e-02
7.079646017699113558e-02
7.413010590015128853e-02
2.011834319526626669e-01
7.763975155279503881e-02
2.471482889733840269e-02
8.133971291866028130e-02
1.670951156812338911e-01
1.409090909090908728e-01
2.897102897102897187e-02
4.081632653061224164e-02
1.334792122538293324e-01
4.162162162162160173e-01
1.201629327902239974e-01
1.033210332103320778e-01
1.265822784810126389e-01
6.762589928057555211e-02
8.133971291866028130e-02
1.334792122538293324e-01
1.489361702127659504e-01
1.489361702127659504e-01
8.524590163934427089e-02
9.374999999999998612e-02
1.774193548387096864e-01
7.763975155279503881e-02
1.409090909090908728e-01
1.774193548387096864e-01
7.413010590015128853e-02
4.481132075471697812e-02
1.085714285714285549e-01
1.033210332103320778e-01
1.576354679802955683e-01
1.410788381742738608e-02
7.079646017699113558e-02
1.489361702127659504e-01
6.460674157303371301e-02
4.277456647398843875e-02
1.033210332103320778e-01
1.033210332103320778e-01
1.265822784810126389e-01
4.277456647398843875e-02
8.133971291866028130e-02
1.887323943661972092e-01
1.334792122538293324e-01
3.711790393013100070e-02
1.489361702127659504e-01
9.374999999999998612e-02
8.133971291866028130e-02
5.384615384615384220e-02
1.085714285714285549e-01
4.481132075471697812e-02
3.048780487804877634e-02
1.576354679802955683e-01
7.413010590015128853e-02
2.149532710280373793e-01
2.302631578947368640e-01
9.374999999999998612e-02
1.733102253032928891e-02
8.524590163934427089e-02
1.141732283464566983e-01
3.536977491961415532e-02
1.489361702127659504e-01
4.914004914004913710e-02
8.524590163934427089e-02
5.384615384615384220e-02
9.838998211091234958e-02
9.838998211091234958e-02
8.937605396290047854e-02
1.141732283464566983e-01
8.133971291866028130e-02
7.413010590015128853e-02
9.374999999999998612e-02
2.608695652173912902e-02
7.413010590015128853e-02
6.172839506172838470e-02
1.141732283464566983e-01
1.622544833475661474e-02
1.085714285714285549e-01
1.887323943661972092e-01
8.524590163934427089e-02
5.898123324396783301e-02
3.205791106514994937e-02
9.374999999999998612e-02
5.898123324396783301e-02
7.413010590015128853e-02
1.265822784810126389e-01
6.460674157303371301e-02
6.460674157303371301e-02
1.489361702127659504e-01
8.133971291866028130e-02
2.666666666666666630e-01
1.334792122538293324e-01
4.277456647398843875e-02
2.149532710280373793e-01
6.172839506172838470e-02
8.937605396290047854e-02
1.670951156812338911e-01
6.460674157303371301e-02
6.460674157303371301e-02
4.914004914004913710e-02
9.374999999999998612e-02
4.277456647398843875e-02
5.384615384615384220e-02
6.762589928057555211e-02
1.033210332103320778e-01
5.384615384615384220e-02
1.670951156812338911e-01
7.763975155279503881e-02
1.201629327902239974e-01
3.048780487804877634e-02
1.334792122538293324e-01
1.085714285714285549e-01
1.201629327902239974e-01
7.763975155279503881e-02
8.133971291866028130e-02
2.302631578947368640e-01
1.141732283464566983e-01
1.622544833475661474e-02
2.302631578947368640e-01
1.085714285714285549e-01
2.897102897102897187e-02
5.384615384615384220e-02
3.711790393013100070e-02
6.460674157303371301e-02
1.334792122538293324e-01
1.085714285714285549e-01
9.838998211091234958e-02
5.635648754914809877e-02
1.201629327902239974e-01
2.897102897102897187e-02
1.334792122538293324e-01
5.970149253731339423e-01
1.334792122538293324e-01
1.409090909090908728e-01
1.887323943661972092e-01
6.460674157303371301e-02
8.524590163934427089e-02
7.079646017699113558e-02
1.846965699208443293e-02
9.374999999999998612e-02
7.079646017699113558e-02
1.141732283464566983e-01
1.033210332103320778e-01
1.141732283464566983e-01
1.141732283464566983e-01
1.887323943661972092e-01
9.838998211091234958e-02
1.774193548387096864e-01
5.144291091593474613e-02
1.670951156812338911e-01
8.524590163934427089e-02
1.201629327902239974e-01
1.334792122538293324e-01
1.085714285714285549e-01
2.750491159135559638e-02
1.033210332103320778e-01
1.141732283464566983e-01
2.608695652173912902e-02
3.893214682981090136e-02
1.409090909090908728e-01
6.172839506172838470e-02
5.384615384615384220e-02
1.085714285714285549e-01
3.893214682981090136e-02
4.693140794223827489e-02
2.473867595818814435e-01
1.201629327902239974e-01
8.937605396290047854e-02
6.460674157303371301e-02
6.460674157303371301e-02
4.481132075471697812e-02
2.149532710280373793e-01
7.763975155279503881e-02
1.201629327902239974e-01
1.033210332103320778e-01
1.576354679802955683e-01
4.277456647398843875e-02
7.763975155279503881e-02
1.201629327902239974e-01
8.133971291866028130e-02
3.135593220338981912e-01
1.085714285714285549e-01
2.085222121486854027e-02
8.524590163934427089e-02
9.838998211091234958e-02
5.144291091593474613e-02
9.838998211091234958e-02
1.201629327902239974e-01
8.133971291866028130e-02
4.914004914004913710e-02
2.750491159135559638e-02
9.838998211091234958e-02
7.079646017699113558e-02
1.334792122538293324e-01
6.172839506172838470e-02
9.838998211091234958e-02
3.048780487804877634e-02
7.413010590015128853e-02
7.413010590015128853e-02
5.635648754914809877e-02
5.898123324396783301e-02
6.762589928057555211e-02
9.838998211091234958e-02
1.774193548387096864e-01
8.524590163934427089e-02
1.670951156812338911e-01
1.201629327902239974e-01
1.201629327902239974e-01
1.846965699208443293e-02
7.763975155279503881e-02
1.489361702127659504e-01
2.666666666666666630e-01
7.763975155279503881e-02
1.033210332103320778e-01
1.576354679802955683e-01
6.762589928057555211e-02
5.635648754914809877e-02
1.201629327902239974e-01
7.413010590015128853e-02
9.838998211091234958e-02
1.774193548387096864e-01
1.201629327902239974e-01
1.334792122538293324e-01
1.141732283464566983e-01
9.838998211091234958e-02
1.085714285714285549e-01
1.409090909090908728e-01
7.413010590015128853e-02
1.489361702127659504e-01
4.693140794223827489e-02
1.670951156812338911e-01
1.141732283464566983e-01
8.133971291866028130e-02
2.085222121486854027e-02
1.201629327902239974e-01
6.172839506172838470e-02
9.838998211091234958e-02
4.914004914004913710e-02
1.265822784810126389e-01
5.384615384615384220e-02
8.937605396290047854e-02
3.368421052631578871e-02
1.846965699208443293e-02
7.079646017699113558e-02
1.033210332103320778e-01
2.471482889733840269e-02
6.762589928057555211e-02
1.141732283464566983e-01
1.334792122538293324e-01
2.338634237605238461e-02
1.576354679802955683e-01
8.133971291866028130e-02
2.149532710280373793e-01
1.334792122538293324e-01
1.489361702127659504e-01
1.085714285714285549e-01
1.887323943661972092e-01
4.481132075471697812e-02
1.201629327902239974e-01
1.085714285714285549e-01
2.011834319526626669e-01
1.033210332103320778e-01
3.536977491961415532e-02
1.622544833475661474e-02
1.489361702127659504e-01
9.838998211091234958e-02
8.133971291866028130e-02
8.937605396290047854e-02
8.524590163934427089e-02
1.033210332103320778e-01
1.085714285714285549e-01
2.085222121486854027e-02
4.081632653061224164e-02
4.914004914004913710e-02
8.937605396290047854e-02
6.923076923076922906e-01
1.670951156812338911e-01
5.635648754914809877e-02
1.409090909090908728e-01
2.085222121486854027e-02
5.898123324396783301e-02
5.144291091593474613e-02
1.409090909090908728e-01
9.374999999999998612e-02
6.172839506172838470e-02
6.460674157303371301e-02
9.838998211091234958e-02
3.711790393013100070e-02
8.133971291866028130e-02
2.897102897102897187e-02
2.085222121486854027e-02
3.368421052631578871e-02
1.085714285714285549e-01
7.413010590015128853e-02
8.524590163934427089e-02
8.524590163934427089e-02
4.081632653061224164e-02
1.033210332103320778e-01
3.711790393013100070e-02
5.144291091593474613e-02
4.481132075471697812e-02
1.085714285714285549e-01
2.149532710280373793e-01
8.524590163934427089e-02
6.172839506172838470e-02
2.750491159135559638e-02
9.838998211091234958e-02
7.763975155279503881e-02
8.133971291866028130e-02
5.384615384615384220e-02
3.368421052631578871e-02
3.536977491961415532e-02
1.201629327902239974e-01
8.937605396290047854e-02
2.897102897102897187e-02
1.201629327902239974e-01
8.133971291866028130e-02
8.937605396290047854e-02
3.536977491961415532e-02
6.172839506172838470e-02
9.838998211091234958e-02
6.460674157303371301e-02
2.666666666666666630e-01
7.079646017699113558e-02
7.413010590015128853e-02
8.133971291866028130e-02
8.937605396290047854e-02
9.374999999999998612e-02
4.693140794223827489e-02
2.666666666666666630e-01
7.079646017699113558e-02
5.898123324396783301e-02
4.914004914004913710e-02
1.334792122538293324e-01
3.536977491961415532e-02
3.893214682981090136e-02
5.144291091593474613e-02
4.914004914004913710e-02
4.481132075471697812e-02
4.693140794223827489e-02
1.334792122538293324e-01
8.133971291866028130e-02
2.666666666666666630e-01
5.384615384615384220e-02
5.635648754914809877e-02
7.079646017699113558e-02
2.338634237605238461e-02
2.666666666666666630e-01
9.838998211091234958e-02
2.473867595818814435e-01
3.536977491961415532e-02
8.524590163934427089e-02
4.081632653061224164e-02
4.277456647398843875e-02
1.033210332103320778e-01
9.838998211091234958e-02
5.635648754914809877e-02
5.384615384615384220e-02
1.887323943661972092e-01
8.937605396290047854e-02
1.033210332103320778e-01
3.536977491961415532e-02
1.489361702127659504e-01
2.897102897102897187e-02
3.711790393013100070e-02
4.481132075471697812e-02
3.711790393013100070e-02
5.898123324396783301e-02
1.085714285714285549e-01
2.011834319526626669e-01
8.133971291866028130e-02
8.937605396290047854e-02
9.838998211091234958e-02
7.763975155279503881e-02
1.201629327902239974e-01
1.489361702127659504e-01
5.144291091593474613e-02
1.409090909090908728e-01
1.489361702127659504e-01
5.635648754914809877e-02
1.085714285714285549e-01
2.338634237605238461e-02
1.576354679802955683e-01
8.524590163934427089e-02
1.409090909090908728e-01
7.763975155279503881e-02
5.635648754914809877e-02
3.368421052631578871e-02
8.937605396290047854e-02
5.635648754914809877e-02
8.524590163934427089e-02
1.334792122538293324e-01
8.937605396290047854e-02
8.524590163934427089e-02
4.914004914004913710e-02
1.334792122538293324e-01
3.048780487804877634e-02
2.149532710280373793e-01
5.898123324396783301e-02
1.085714285714285549e-01
9.838998211091234958e-02
1.670951156812338911e-01
1.576354679802955683e-01
4.481132075471697812e-02
4.277456647398843875e-02
2.011834319526626669e-01
1.033210332103320778e-01
1.489361702127659504e-01
1.334792122538293324e-01
1.774193548387096864e-01
1.085714285714285549e-01
4.481132075471697812e-02
8.133971291866028130e-02
5.898123324396783301e-02
1.489361702127659504e-01
3.048780487804877634e-02
1.201629327902239974e-01
1.887323943661972092e-01
2.608695652173912902e-02
7.079646017699113558e-02
4.693140794223827489e-02
9.374999999999998612e-02
1.409090909090908728e-01
2.666666666666666630e-01
8.133971291866028130e-02
4.277456647398843875e-02
1.409090909090908728e-01
4.481132075471697812e-02
3.048780487804877634e-02
1.033210332103320778e-01
7.413010590015128853e-02
1.201629327902239974e-01
9.374999999999998612e-02
8.937605396290047854e-02
4.914004914004913710e-02
3.368421052631578871e-02
1.085714285714285549e-01
7.763975155279503881e-02
3.135593220338981912e-01
8.524590163934427089e-02
8.937605396290047854e-02
1.201629327902239974e-01
1.085714285714285549e-01
3.893214682981090136e-02
2.302631578947368640e-01
6.762589928057555211e-02
4.693140794223827489e-02
1.670951156812338911e-01
5.144291091593474613e-02
5.384615384615384220e-02
9.374999999999998612e-02
9.838998211091234958e-02
1.085714285714285549e-01
1.141732283464566983e-01
2.149532710280373793e-01
1.201629327902239974e-01
1.201629327902239974e-01
6.923076923076922906e-01
1.409090909090908728e-01
7.413010590015128853e-02
8.937605396290047854e-02
2.897102897102897187e-02
5.635648754914809877e-02
6.172839506172838470e-02
1.409090909090908728e-01
1.265822784810126389e-01
8.524590163934427089e-02
2.011834319526626669e-01
9.838998211091234958e-02
6.172839506172838470e-02
1.265822784810126389e-01
1.265822784810126389e-01
2.897102897102897187e-02
2.011834319526626669e-01
5.898123324396783301e-02
7.763975155279503881e-02
8.937605396290047854e-02
1.670951156812338911e-01
5.144291091593474613e-02
1.334792122538293324e-01
7.763975155279503881e-02
1.334792122538293324e-01
4.481132075471697812e-02
6.460674157303371301e-02
1.201629327902239974e-01
8.524590163934427089e-02
6.460674157303371301e-02
5.384615384615384220e-02
6.172839506172838470e-02
1.033210332103320778e-01
5.970149253731339423e-01
1.489361702127659504e-01
5.144291091593474613e-02
7.763975155279503881e-02
4.277456647398843875e-02
1.201629327902239974e-01
1.774193548387096864e-01
4.081632653061224164e-02
1.515151515151515367e-02
1.033210332103320778e-01
1.409090909090908728e-01
2.338634237605238461e-02
8.133971291866028130e-02
8.133971291866028130e-02
1.774193548387096864e-01
7.413010590015128853e-02
2.302631578947368640e-01
3.711790393013100070e-02
9.838998211091234958e-02
4.081632653061224164e-02
3.205791106514994937e-02
1.409090909090908728e-01
3.048780487804877634e-02
6.460674157303371301e-02
1.409090909090908728e-01
1.201629327902239974e-01
7.413010590015128853e-02
6.172839506172838470e-02
1.141732283464566983e-01
1.774193548387096864e-01
1.670951156812338911e-01
1.265822784810126389e-01
4.642857142857143016e-01
1.409090909090908728e-01
5.384615384615384220e-02
7.079646017699113558e-02
4.081632653061224164e-02
2.897102897102897187e-02
8.524590163934427089e-02
8.133971291866028130e-02
1.085714285714285549e-01
8.524590163934427089e-02
6.460674157303371301e-02
8.937605396290047854e-02
1.265822784810126389e-01
7.763975155279503881e-02
1.201629327902239974e-01
1.201629327902239974e-01
7.763975155279503881e-02
1.774193548387096864e-01
1.265822784810126389e-01
2.666666666666666630e-01
2.149532710280373793e-01
1.733102253032928891e-02
1.085714285714285549e-01
1.489361702127659504e-01
5.384615384615384220e-02
1.141732283464566983e-01
1.774193548387096864e-01
9.838998211091234958e-02
8.133971291866028130e-02
8.133971291866028130e-02
3.368421052631578871e-02
1.489361702127659504e-01
3.893214682981090136e-02
7.413010590015128853e-02
1.201629327902239974e-01
1.201629327902239974e-01
7.413010590015128853e-02
8.133971291866028130e-02
1.033210332103320778e-01
1.409090909090908728e-01
4.693140794223827489e-02
9.374999999999998612e-02
8.133971291866028130e-02
7.413010590015128853e-02
1.334792122538293324e-01
1.201629327902239974e-01
1.201629327902239974e-01
1.201629327902239974e-01
7.079646017699113558e-02
1.141732283464566983e-01
1.670951156812338911e-01
4.081632653061224164e-02
3.368421052631578871e-02
5.384615384615384220e-02
1.033210332103320778e-01
7.763975155279503881e-02
3.368421052631578871e-02
2.750491159135559638e-02
4.914004914004913710e-02
1.033210332103320778e-01
1.334792122538293324e-01
7.413010590015128853e-02
2.750491159135559638e-02
6.460674157303371301e-02
3.893214682981090136e-02
2.302631578947368640e-01
1.141732283464566983e-01
9.374999999999998612e-02
9.838998211091234958e-02
7.079646017699113558e-02
3.893214682981090136e-02
1.033210332103320778e-01
1.265822784810126389e-01
2.750491159135559638e-02
8.937605396290047854e-02
7.079646017699113558e-02
2.085222121486854027e-02
9.374999999999998612e-02
6.172839506172838470e-02
5.144291091593474613e-02
1.887323943661972092e-01
1.265822784810126389e-01
1.409090909090908728e-01
6.762589928057555211e-02
5.144291091593474613e-02
1.141732283464566983e-01
5.898123324396783301e-02
7.763975155279503881e-02
1.334792122538293324e-01
4.914004914004913710e-02
9.374999999999998612e-02
1.489361702127659504e-01
1.670951156812338911e-01
3.711790393013100070e-02
1.334792122538293324e-01
2.608695652173912902e-02
1.141732283464566983e-01
8.937605396290047854e-02
7.079646017699113558e-02
5.384615384615384220e-02
1.085714285714285549e-01
1.887323943661972092e-01
9.838998211091234958e-02
7.413010590015128853e-02
1.085714285714285549e-01
7.079646017699113558e-02
6.460674157303371301e-02
2.302631578947368640e-01
1.265822784810126389e-01
1.887323943661972092e-01
1.265822784810126389e-01
1.576354679802955683e-01
8.133971291866028130e-02
7.413010590015128853e-02
2.209944751381215378e-02
8.133971291866028130e-02
4.277456647398843875e-02
8.524590163934427089e-02
6.460674157303371301e-02
1.409090909090908728e-01
1.141732283464566983e-01
6.762589928057555211e-02
3.048780487804877634e-02
6.762589928057555211e-02
1.489361702127659504e-01
8.937605396290047854e-02
8.133971291866028130e-02
1.774193548387096864e-01
2.885375494071144020e-01
8.133971291866028130e-02
1.334792122538293324e-01
5.635648754914809877e-02
4.481132075471697812e-02
1.409090909090908728e-01
7.079646017699113558e-02
8.937605396290047854e-02
4.277456647398843875e-02
4.277456647398843875e-02
7.413010590015128853e-02
3.205791106514994937e-02
5.384615384615384220e-02
3.711790393013100070e-02
2.149532710280373793e-01
2.473867595818814435e-01
2.302631578947368640e-01
1.265822784810126389e-01
1.409090909090908728e-01
5.144291091593474613e-02
7.763975155279503881e-02
7.413010590015128853e-02
7.413010590015128853e-02
4.481132075471697812e-02
6.460674157303371301e-02
8.937605396290047854e-02
9.374999999999998612e-02
4.914004914004913710e-02
3.205791106514994937e-02
8.937605396290047854e-02
8.524590163934427089e-02
6.460674157303371301e-02
9.374999999999998612e-02
1.085714285714285549e-01
1.033210332103320778e-01
9.838998211091234958e-02
1.887323943661972092e-01
2.473867595818814435e-01
8.937605396290047854e-02
4.914004914004913710e-02
1.201629327902239974e-01
1.887323943661972092e-01
3.048780487804877634e-02
1.141732283464566983e-01
2.473867595818814435e-01
3.368421052631578871e-02
1.774193548387096864e-01
1.033210332103320778e-01
1.576354679802955683e-01
6.460674157303371301e-02
1.409090909090908728e-01
9.374999999999998612e-02
6.762589928057555211e-02
7.413010590015128853e-02
3.893214682981090136e-02
8.524590163934427089e-02
9.838998211091234958e-02
4.277456647398843875e-02
1.489361702127659504e-01
1.201629327902239974e-01
8.937605396290047854e-02
5.384615384615384220e-02
4.914004914004913710e-02
1.265822784810126389e-01
5.635648754914809877e-02
6.762589928057555211e-02
5.384615384615384220e-02
6.460674157303371301e-02
7.079646017699113558e-02
1.489361702127659504e-01
1.265822784810126389e-01
6.923076923076922906e-01
1.201629327902239974e-01
4.277456647398843875e-02
7.763975155279503881e-02
5.384615384615384220e-02
4.914004914004913710e-02
1.670951156812338911e-01
1.033210332103320778e-01
7.413010590015128853e-02
9.374999999999998612e-02
2.608695652173912902e-02
6.172839506172838470e-02
5.970149253731339423e-01
1.265822784810126389e-01
8.937605396290047854e-02
4.081632653061224164e-02
6.172839506172838470e-02
9.838998211091234958e-02
7.413010590015128853e-02
3.536977491961415532e-02
4.481132075471697812e-02
1.576354679802955683e-01
1.846965699208443293e-02
1.334792122538293324e-01
1.033210332103320778e-01
6.762589928057555211e-02
8.524590163934427089e-02
6.172839506172838470e-02
2.750491159135559638e-02
8.937605396290047854e-02
2.666666666666666630e-01
3.368421052631578871e-02
1.576354679802955683e-01
2.608695652173912902e-02
1.515151515151515367e-02
1.670951156812338911e-01
1.670951156812338911e-01
3.711790393013100070e-02
1.964285714285714593e-02
9.838998211091234958e-02
7.763975155279503881e-02
2.338634237605238461e-02
5.144291091593474613e-02
1.670951156812338911e-01
1.887323943661972092e-01
7.079646017699113558e-02
2.750491159135559638e-02
1.265822784810126389e-01
7.413010590015128853e-02
6.762589928057555211e-02
6.172839506172838470e-02
9.374999999999998612e-02
1.085714285714285549e-01
6.172839506172838470e-02
1.774193548387096864e-01
5.898123324396783301e-02
5.384615384615384220e-02
8.937605396290047854e-02
1.409090909090908728e-01
6.762589928057555211e-02
4.081632653061224164e-02
2.750491159135559638e-02
1.774193548387096864e-01
1.334792122538293324e-01
4.693140794223827489e-02
1.670951156812338911e-01
5.970149253731339423e-01
4.081632653061224164e-02
7.763975155279503881e-02
1.033210332103320778e-01
2.011834319526626669e-01
8.937605396290047854e-02
8.524590163934427089e-02
4.277456647398843875e-02
1.141732283464566983e-01
5.898123324396783301e-02
1.201629327902239974e-01
1.489361702127659504e-01
1.085714285714285549e-01
7.413010590015128853e-02
6.460674157303371301e-02
8.133971291866028130e-02
8.524590163934427089e-02
4.081632653061224164e-02
2.011834319526626669e-01
7.079646017699113558e-02
8.524590163934427089e-02
1.141732283464566983e-01
1.201629327902239974e-01
5.898123324396783301e-02
1.141732283464566983e-01
6.762589928057555211e-02
1.033210332103320778e-01
1.265822784810126389e-01
1.085714285714285549e-01
6.762589928057555211e-02
3.893214682981090136e-02
2.750491159135559638e-02
8.524590163934427089e-02
4.914004914004913710e-02
9.838998211091234958e-02
2.011834319526626669e-01
7.413010590015128853e-02
4.914004914004913710e-02
3.205791106514994937e-02
1.409090909090908728e-01
6.762589928057555211e-02
1.033210332103320778e-01
6.762589928057555211e-02
1.085714285714285549e-01
4.693140794223827489e-02
2.750491159135559638e-02
8.133971291866028130e-02
4.481132075471697812e-02
8.937605396290047854e-02
4.481132075471697812e-02
1.489361702127659504e-01
5.635648754914809877e-02
3.048780487804877634e-02
1.670951156812338911e-01
2.750491159135559638e-02
3.762376237623759057e-01
3.205791106514994937e-02
8.524590163934427089e-02
1.033210332103320778e-01
5.144291091593474613e-02
1.774193548387096864e-01
1.576354679802955683e-01
5.144291091593474613e-02
1.887323943661972092e-01
6.172839506172838470e-02
1.576354679802955683e-01
8.133971291866028130e-02
1.887323943661972092e-01
8.133971291866028130e-02
3.368421052631578871e-02
5.144291091593474613e-02
3.711790393013100070e-02
7.079646017699113558e-02
2.302631578947368640e-01
3.536977491961415532e-02
2.897102897102897187e-02
1.201629327902239974e-01
1.085714285714285549e-01
1.033210332103320778e-01
3.205791106514994937e-02
8.937605396290047854e-02
8.524590163934427089e-02
1.409090909090908728e-01
7.763975155279503881e-02
9.838998211091234958e-02
1.201629327902239974e-01
1.334792122538293324e-01
1.265822784810126389e-01
1.334792122538293324e-01
9.838998211091234958e-02
8.524590163934427089e-02
9.838998211091234958e-02
1.670951156812338911e-01
9.838998211091234958e-02
6.172839506172838470e-02
2.897102897102897187e-02
1.576354679802955683e-01
5.635648754914809877e-02
5.384615384615384220e-02
8.937605396290047854e-02
1.201629327902239974e-01
3.536977491961415532e-02
1.622544833475661474e-02
8.524590163934427089e-02
1.489361702127659504e-01
9.838998211091234958e-02
7.079646017699113558e-02
1.033210332103320778e-01
3.368421052631578871e-02
3.762376237623759057e-01
1.141732283464566983e-01
1.033210332103320778e-01
5.635648754914809877e-02
8.524590163934427089e-02
4.914004914004913710e-02
1.033210332103320778e-01
1.085714285714285549e-01
1.670951156812338911e-01
7.763975155279503881e-02
1.141732283464566983e-01
5.144291091593474613e-02
1.201629327902239974e-01
1.774193548387096864e-01
7.079646017699113558e-02
3.893214682981090136e-02
2.338634237605238461e-02
8.937605396290047854e-02
2.011834319526626669e-01
3.711790393013100070e-02
3.893214682981090136e-02
3.536977491961415532e-02
2.011834319526626669e-01
8.524590163934427089e-02
1.141732283464566983e-01
2.471482889733840269e-02
7.763975155279503881e-02
1.670951156812338911e-01
6.460674157303371301e-02
4.481132075471697812e-02
5.384615384615384220e-02
9.838998211091234958e-02
4.914004914004913710e-02
9.374999999999998612e-02
1.265822784810126389e-01
4.693140794223827489e-02
5.635648754914809877e-02
7.763975155279503881e-02
4.693140794223827489e-02
3.368421052631578871e-02
9.838998211091234958e-02
3.536977491961415532e-02
1.201629327902239974e-01
7.763975155279503881e-02
9.374999999999998612e-02
2.750491159135559638e-02
3.711790393013100070e-02
3.048780487804877634e-02
7.079646017699113558e-02
5.144291091593474613e-02
4.914004914004913710e-02
2.085222121486854027e-02
1.141732283464566983e-01
6.172839506172838470e-02
7.763975155279503881e-02
8.133971291866028130e-02
5.384615384615384220e-02
3.893214682981090136e-02
5.144291091593474613e-02
4.693140794223827489e-02
5.898123324396783301e-02
1.622544833475661474e-02
9.374999999999998612e-02
1.489361702127659504e-01
1.670951156812338911e-01
1.265822784810126389e-01
6.460674157303371301e-02
7.763975155279503881e-02
7.079646017699113558e-02
1.201629327902239974e-01
1.033210332103320778e-01
4.693140794223827489e-02
5.898123324396783301e-02
9.374999999999998612e-02
1.622544833475661474e-02
5.384615384615384220e-02
1.201629327902239974e-01
7.079646017699113558e-02
8.133971291866028130e-02
1.670951156812338911e-01
2.011834319526626669e-01
1.409090909090908728e-01
1.141732283464566983e-01
4.693140794223827489e-02
1.085714285714285549e-01
5.144291091593474613e-02
5.635648754914809877e-02
8.133971291866028130e-02
8.524590163934427089e-02
1.489361702127659504e-01
2.011834319526626669e-01
3.205791106514994937e-02
3.762376237623759057e-01
1.141732283464566983e-01
1.576354679802955683e-01
4.481132075471697812e-02
8.133971291866028130e-02
2.085222121486854027e-02
4.693140794223827489e-02
1.265822784810126389e-01
7.413010590015128853e-02
4.277456647398843875e-02
6.762589928057555211e-02
9.838998211091234958e-02
1.201629327902239974e-01
1.334792122538293324e-01
7.413010590015128853e-02
7.763975155279503881e-02
8.937605396290047854e-02
9.838998211091234958e-02
1.409090909090908728e-01
7.763975155279503881e-02
1.141732283464566983e-01
1.489361702127659504e-01
5.898123324396783301e-02
7.079646017699113558e-02
1.489361702127659504e-01
4.481132075471697812e-02
1.576354679802955683e-01
1.887323943661972092e-01
8.937605396290047854e-02
5.898123324396783301e-02
6.460674157303371301e-02
6.460674157303371301e-02
5.384615384615384220e-02
6.762589928057555211e-02
7.079646017699113558e-02
9.838998211091234958e-02
1.141732283464566983e-01
4.914004914004913710e-02
1.141732283464566983e-01
1.033210332103320778e-01
2.011834319526626669e-01
2.666666666666666630e-01
2.149532710280373793e-01
1.033210332103320778e-01
1.576354679802955683e-01
9.838998211091234958e-02
1.774193548387096864e-01
1.201629327902239974e-01
1.265822784810126389e-01
8.937605396290047854e-02
3.711790393013100070e-02
1.576354679802955683e-01
6.460674157303371301e-02
2.338634237605238461e-02
7.079646017699113558e-02
6.762589928057555211e-02
4.693140794223827489e-02
3.205791106514994937e-02
1.576354679802955683e-01
1.085714285714285549e-01
4.277456647398843875e-02
1.576354679802955683e-01
8.133971291866028130e-02
5.898123324396783301e-02
6.172839506172838470e-02
7.763975155279503881e-02
7.413010590015128853e-02
1.489361702127659504e-01
1.409090909090908728e-01
8.937605396290047854e-02
5.384615384615384220e-02
1.622544833475661474e-02
6.172839506172838470e-02
8.524590163934427089e-02
1.265822784810126389e-01
1.887323943661972092e-01
9.374999999999998612e-02
1.033210332103320778e-01
1.201629327902239974e-01
3.205791106514994937e-02
5.144291091593474613e-02
3.893214682981090136e-02
4.914004914004913710e-02
1.141732283464566983e-01
1.265822784810126389e-01
1.265822784810126389e-01
4.914004914004913710e-02
8.937605396290047854e-02
7.413010590015128853e-02
2.471482889733840269e-02
7.763975155279503881e-02
9.838998211091234958e-02
6.460674157303371301e-02
2.897102897102897187e-02
2.897102897102897187e-02
1.085714285714285549e-01
8.524590163934427089e-02
6.460674157303371301e-02
1.489361702127659504e-01
1.489361702127659504e-01
5.898123324396783301e-02
4.277456647398843875e-02
6.172839506172838470e-02
5.635648754914809877e-02
4.277456647398843875e-02
1.141732283464566983e-01
6.460674157303371301e-02
1.670951156812338911e-01
2.608695652173912902e-02
1.334792122538293324e-01
5.635648754914809877e-02
2.897102897102897187e-02
1.033210332103320778e-01
1.576354679802955683e-01
8.937605396290047854e-02
9.838998211091234958e-02
3.048780487804877634e-02
1.409090909090908728e-01
8.133971291866028130e-02
6.762589928057555211e-02
4.081632653061224164e-02
1.489361702127659504e-01
4.481132075471697812e-02
9.838998211091234958e-02
3.762376237623759057e-01
1.265822784810126389e-01
8.133971291866028130e-02
8.937605396290047854e-02
2.085222121486854027e-02
2.011834319526626669e-01
2.885375494071144020e-01
1.409090909090908728e-01
2.471482889733840269e-02
7.413010590015128853e-02
3.048780487804877634e-02
4.277456647398843875e-02
1.409090909090908728e-01
7.079646017699113558e-02
3.893214682981090136e-02
1.887323943661972092e-01
7.763975155279503881e-02
6.762589928057555211e-02
1.964285714285714593e-02
4.693140794223827489e-02
1.141732283464566983e-01
1.576354679802955683e-01
6.762589928057555211e-02
1.265822784810126389e-01
3.536977491961415532e-02
8.937605396290047854e-02
1.265822784810126389e-01
7.413010590015128853e-02
1.409090909090908728e-01
1.033210332103320778e-01
3.048780487804877634e-02
1.334792122538293324e-01
1.846965699208443293e-02
8.133971291866028130e-02
9.838998211091234958e-02
2.608695652173912902e-02
1.576354679802955683e-01
1.409090909090908728e-01
2.209944751381215378e-02
3.711790393013100070e-02
7.763975155279503881e-02
3.368421052631578871e-02
1.774193548387096864e-01
1.887323943661972092e-01
1.576354679802955683e-01
3.893214682981090136e-02
1.334792122538293324e-01
1.489361702127659504e-01
7.079646017699113558e-02
9.838998211091234958e-02
1.201629327902239974e-01
1.141732283464566983e-01
3.711790393013100070e-02
1.201629327902239974e-01
4.081632653061224164e-02
1.085714285714285549e-01
2.085222121486854027e-02
2.750491159135559638e-02
1.576354679802955683e-01
1.334792122538293324e-01
2.897102897102897187e-02
8.937605396290047854e-02
6.762589928057555211e-02
1.141732283464566983e-01
8.133971291866028130e-02
1.141732283464566983e-01
1.033210332103320778e-01
1.141732283464566983e-01
9.838998211091234958e-02
8.937605396290047854e-02
2.149532710280373793e-01
6.762589928057555211e-02
1.489361702127659504e-01
1.489361702127659504e-01
1.576354679802955683e-01
6.762589928057555211e-02
4.277456647398843875e-02
1.489361702127659504e-01
1.887323943661972092e-01
8.133971291866028130e-02
7.763975155279503881e-02
8.524590163934427089e-02
1.489361702127659504e-01
4.693140794223827489e-02
7.079646017699113558e-02
4.914004914004913710e-02
2.897102897102897187e-02
1.622544833475661474e-02
8.937605396290047854e-02
4.162162162162160173e-01
7.413010590015128853e-02
1.670951156812338911e-01
7.079646017699113558e-02
7.079646017699113558e-02
9.374999999999998612e-02
1.489361702127659504e-01
1.201629327902239974e-01
7.413010590015128853e-02
3.762376237623759057e-01
7.413010590015128853e-02
1.670951156812338911e-01
1.489361702127659504e-01
8.524590163934427089e-02
9.374999999999998612e-02
4.481132075471697812e-02
3.048780487804877634e-02
4.277456647398843875e-02
7.413010590015128853e-02
5.384615384615384220e-02
1.489361702127659504e-01
2.473867595818814435e-01
1.334792122538293324e-01
1.489361702127659504e-01
1.334792122538293324e-01
2.302631578947368640e-01
1.774193548387096864e-01
1.409090909090908728e-01
5.898123324396783301e-02
1.085714285714285549e-01
1.489361702127659504e-01
9.374999999999998612e-02
7.763975155279503881e-02
5.144291091593474613e-02
6.762589928057555211e-02
1.670951156812338911e-01
2.750491159135559638e-02
2.011834319526626669e-01
2.302631578947368640e-01
5.384615384615384220e-02
8.133971291866028130e-02
3.368421052631578871e-02
5.384615384615384220e-02
8.937605396290047854e-02
7.413010590015128853e-02
2.471482889733840269e-02
6.762589928057555211e-02
5.898123324396783301e-02
6.172839506172838470e-02
1.201629327902239974e-01
9.838998211091234958e-02
8.524590163934427089e-02
6.172839506172838470e-02
1.141732283464566983e-01
7.763975155279503881e-02
8.937605396290047854e-02
5.384615384615384220e-02
3.893214682981090136e-02
7.413010590015128853e-02
1.576354679802955683e-01
2.011834319526626669e-01
1.670951156812338911e-01
1.201629327902239974e-01
5.384615384615384220e-02
2.473867595818814435e-01
4.277456647398843875e-02
6.460674157303371301e-02
8.133971291866028130e-02
6.762589928057555211e-02
1.033210332103320778e-01
6.172839506172838470e-02
1.576354679802955683e-01
4.481132075471697812e-02
5.898123324396783301e-02
6.172839506172838470e-02
1.033210332103320778e-01
1.201629327902239974e-01
1.409090909090908728e-01
1.085714285714285549e-01
1.085714285714285549e-01
9.374999999999998612e-02
8.937605396290047854e-02
3.536977491961415532e-02
1.887323943661972092e-01
2.473867595818814435e-01
8.133971291866028130e-02
1.033210332103320778e-01
9.838998211091234958e-02
6.762589928057555211e-02
1.201629327902239974e-01
1.410788381742738608e-02
9.374999999999998612e-02
8.133971291866028130e-02
3.711790393013100070e-02
8.133971291866028130e-02
4.481132075471697812e-02
1.576354679802955683e-01
1.085714285714285549e-01
4.914004914004913710e-02
9.838998211091234958e-02
1.201629327902239974e-01
1.489361702127659504e-01
3.893214682981090136e-02
3.711790393013100070e-02
5.635648754914809877e-02
8.937605396290047854e-02
3.536977491961415532e-02
2.011834319526626669e-01
1.334792122538293324e-01
5.635648754914809877e-02
1.033210332103320778e-01
4.277456647398843875e-02
2.750491159135559638e-02
4.693140794223827489e-02
9.838998211091234958e-02
3.048780487804877634e-02
3.424657534246575152e-01
4.081632653061224164e-02
5.898123324396783301e-02
1.141732283464566983e-01
1.846965699208443293e-02
2.608695652173912902e-02
8.937605396290047854e-02
4.693140794223827489e-02
5.144291091593474613e-02
1.201629327902239974e-01
7.413010590015128853e-02
9.838998211091234958e-02
8.524590163934427089e-02
